0.014060372454066319, 0.0, 0.2812074490813264
0.014771324865738818, 0.00020536718562811162, 0.2960078411382383
0.016894830290433115, 0.0008529672355475678, 0.2812074490813264
0.01902768752545061, 0.0014690687924319027, 0.2960078411382383
0.0232746983748392, 0.002764268892270815, 0.2960078411382383
0.02610603894109826, 0.0036277356254967564, 0.2960078411382383
0.02893737950735732, 0.004491202358722698, 0.2960078411382383
0.03601573092300497, 0.006649869191787552, 0.2960078411382383
0.03955490663082879, 0.007729202608319979, 0.3108082331951502
0.04660053484946401, 0.0099923915673657, 0.3108082331951502
0.05012334895878162, 0.01112398604688856, 0.2960078411382383
0.05437035980817021, 0.012419186146727473, 0.2960078411382383
0.0586173706575588, 0.013714386246566386, 0.2960078411382383
0.06711139235633598, 0.01630478644624421, 0.2960078411382383
0.07560541405511316, 0.018895186645922036, 0.2960078411382383
0.07985242490450176, 0.020190386745760947, 0.2960078411382383
0.0890542817448437, 0.022996653628745256, 0.3108082331951502
0.09116797021043427, 0.023675610316458973, 0.2664070570244145
0.10116276550142062, 0.026403128155088978, 0.2664070570244145
0.10972973289369463, 0.02874100058820041, 0.2664070570244145
0.11187147474176314, 0.029325468696478268, 0.22200588085367873
0.11403704829804677, 0.02981429615651591, 0.2664070570244145
0.11689270409547144, 0.030593586967553054, 0.32560862525206213
0.11899611260355913, 0.031303751569223714, 0.3700098014227979
0.12313573993815313, 0.03290940719361187, 0.3700098014227979
0.13141499460734113, 0.036120718442388185, 0.3700098014227979
0.13348480827463813, 0.03692354625458226, 0.4144109775935336
0.13754908614023664, 0.03871136332706286, 0.32560862525206213
0.14175590315641204, 0.04013169253040418, 0.32560862525206213
0.14666385634195, 0.04178874326763572, 0.3108082331951502
0.15089123327313114, 0.04314665664306316, 0.3108082331951502
0.16005054995735693, 0.046088802289822595, 0.2960078411382383
0.1642975608067455, 0.047384002389661506, 0.2960078411382383
0.16925240679769887, 0.04889506917280691, 0.2812074490813264
0.17494002609107887, 0.0505380066578318, 0.2812074490813264
0.17991669297278637, 0.051975576957228584, 0.2664070570244145
0.18991148826377272, 0.05470309479585859, 0.2664070570244145
0.19419497195990973, 0.0558720310124143, 0.2664070570244145
0.19633671380797824, 0.05645649912069216, 0.22200588085367873
0.20138971877264003, 0.057597096527446656, 0.2072054887967668
0.20718324130159316, 0.05881502653883519, 0.2072054887967668
0.21587352509502283, 0.06064192155591799, 0.2072054887967668
0.22094285730785682, 0.061707610315882955, 0.22200588085367873
0.2259958622725186, 0.06284820772263745, 0.2072054887967668
0.23034100416923345, 0.06376165523117885, 0.2072054887967668
0.23975547827878227, 0.06574079149968522, 0.1924050967398549
0.24484002731470098, 0.06673133817628858, 0.17760470468294298
0.2492103005438787, 0.06751578470459989, 0.17760470468294298
0.26232112023141185, 0.06986912428953379, 0.14800392056911915
0.27110427139095816, 0.07117864081189938, 0.14800392056911915
0.27330005918084477, 0.07150601994249078, 0.1036027443983834
0.27771636903963726, 0.07196520583576227, 0.1036027443983834
0.2799245239690335, 0.07219479878239801, 0.14800392056911915
0.28431609954880666, 0.0728495570435808, 0.14800392056911915
0.29383117997164854, 0.0742681999428102, 0.13320352851220724
0.3033662139712485, 0.07554586568750027, 0.14800392056911915
0.30702586028772616, 0.07609149757181927, 0.13320352851220724
0.31656089428732614, 0.07736916331650934, 0.14800392056911915
0.3209524698670993, 0.07802392157769213, 0.14800392056911915
0.3297356210266456, 0.07933343810005772, 0.14800392056911915
0.3348591258697143, 0.08009732273810431, 0.13320352851220724
0.3385264466387912, 0.08058873263990819, 0.11840313645529532
0.3429354769233989, 0.08111322897245937, 0.11840313645529532
0.3524883758733821, 0.08224963769298695, 0.10360274439838342
0.35469653080277835, 0.08247923063962269, 0.059201568227647675
0.3583901466113177, 0.08269815431080056, 0.04440117617073576
0.3680009200109739, 0.08312516460241297, 0.029600784113823855
0.37022000627563567, 0.08319087048762375, -0.014800392056911891
0.37539957614722536, 0.08311420522487335, -0.029600784113823803
0.37983774867654885, 0.08298279345445178, -0.029600784113823803
0.3894537891567498, 0.08269806795187172, -0.044401176170735704
0.39315024046430985, 0.08253383322432849, -0.05920156822764762
0.39536640994943345, 0.08240247902162176, -0.014800392056911874
0.40054597982102313, 0.08232581375887137, -0.02960078411382379
0.4049841523503466, 0.0821944019884498, -0.02960078411382379
0.4138604974089936, 0.08193157844760666, -0.02960078411382379
0.4182986699383171, 0.0818001666771851, -0.02960078411382379
0.4227368424676406, 0.08166875490676352, -0.02960078411382379
0.4264353195754102, 0.08155924509807888, -0.014800392056911872
0.43087495089391564, 0.0814935320157214, -0.014800392056911872
0.43901427497784223, 0.08137305803139935, -0.029600784113823796
0.4434524475071657, 0.08124164626097778, -0.029600784113823796
0.4456715337718275, 0.081175940375767, 0.01480039205691195
0.45011116509033294, 0.0812416534581245, 0.01480039205691195
0.4545507964088384, 0.08130736654048198, 0.01480039205691195
0.4582504891742596, 0.08136212744244656, 0.08880235234147152
0.46635862960086094, 0.08208404803821834, 0.10360274439838343
0.47077493945965343, 0.08254323393148982, 0.10360274439838343
0.4788715075341063, 0.0833850747358209, 0.08880235234147152
0.48329412958497975, 0.08377884960624186, 0.177604704682943
0.48766440281415746, 0.08456329613455317, 0.177604704682943
0.4920346760433352, 0.08534774266286448, 0.177604704682943
0.5000468436301609, 0.0867858946314352, 0.19240509673985493
0.5087632134060216, 0.08848397464846953, 0.1628043126260311
0.5182562559965137, 0.09004328395190678, 0.14800392056911918
0.5204520437864003, 0.09037066308249818, 0.19240509673985493
0.529168413562261, 0.09206874309953252, 0.19240509673985493
0.5393375116340984, 0.09404983645273923, 0.19240509673985493
0.5444220606700171, 0.0950403831293426, 0.20720548879676684
0.5494913928828511, 0.09610607188930756, 0.10360274439838345
0.5531716510985115, 0.09648872680036713, 0.08880235234147153
0.5575942731493849, 0.0968825016707881, 0.08880235234147153
0.5627539988754039, 0.09734190568627923, 0.07400196028455962
0.571609929831764, 0.09799846087053445, 0.07400196028455962
0.5767758895563073, 0.09838145139468332, 0.0592015682276477
0.5812082285265545, 0.09864415980009676, 0.0592015682276477
0.5908116296287569, 0.09921336134515922, 0.0444011761707358
0.595247371197829, 0.0994104430182111, 0.0444011761707358
0.598204532243877, 0.09954183080024569, -0.01480039205691186
0.6026441635623825, 0.09947611771788821, -0.01480039205691186
0.6122633647524776, 0.09933373937278032, -0.029600784113823764
0.6174412327033549, 0.09918042564062184, -0.014800392056911851
0.6226208025749446, 0.09910376037787144, -0.029600784113823764
0.6270589751042681, 0.09897234860744987, -0.029600784113823764
0.636675015584469, 0.09868762310486981, -0.04440117617073567
0.6411107571535412, 0.09849054143181793, -0.04440117617073567
0.6462857889841253, 0.0982606128132574, -0.029600784113823754
0.6551621340427722, 0.09799778927241427, -0.029600784113823754
0.6566415248858801, 0.09795398534894041, -0.059201568227647584
0.6618125870178352, 0.09764749220929139, -0.04440117617073567
0.6647697480638832, 0.0975161044272568, -0.014800392056911835
0.6669895637231359, 0.09748324788607807, -0.05920156822764758
0.6692057332082595, 0.09735189368337134, -0.014800392056911832
0.670685610314428, 0.09732998932258552, 0.014800392056911998
0.6751252416329334, 0.09739570240494301, 0.07400196028455966
0.6766012301256601, 0.09750512826898554, 0.10360274439838349
0.6780733334119242, 0.09765819023340937, 0.13320352851220732
0.679540261719555, 0.09785475419413092, 0.16280431262603115
0.6831914319466673, 0.09845448854160678, 0.17760470468294307
0.6853765685612562, 0.09884671180576243, 0.19240509673985498
0.6882820251532097, 0.09941273847810721, 0.13320352851220732
0.6912158817684713, 0.0998058663995503, 0.07400196028455966
0.6941678587539246, 0.10002471812763537, 0.07400196028455966
0.6985958242321046, 0.10035299571976297, 0.07400196028455966
0.7000718127248313, 0.1004624215838055, 0.04440117617073583
0.7089432958629756, 0.10085658492990926, 0.04440117617073583
0.7133790374320477, 0.10105366660296114, 0.04440117617073583
0.7222505205701919, 0.1014478299490649, 0.04440117617073583
0.727425552400776, 0.10167775856762543, 0.059201568227647744
0.7318578913710232, 0.10194046697303887, 0.059201568227647744
0.7370289535029783, 0.10224696011268788, 0.07400196028455966
0.7436709017202483, 0.10273937650087929, 0.1184031364552954
0.74661025524332, 0.10308904072258009, 0.17760470468294307
0.7480670129863792, 0.10335052289868385, 0.14800392056911923
0.7561182348826301, 0.10455091304418564, 0.16280431262603115
0.7597694051097424, 0.1051506473916615, 0.17760470468294307
0.7641396783389202, 0.1059350939199728, 0.17760470468294307
0.7677815726965682, 0.10658879936023222, 0.19240509673985498
0.7764979424724289, 0.10828687937726655, 0.19240509673985498
0.7801297632123708, 0.10899441271769753, 0.2072054887967669
0.7844749051090857, 0.10990786022623893, 0.2072054887967669
0.7888200470058006, 0.11082130773478033, 0.2072054887967669
0.7967861404831111, 0.11249596150043956, 0.2220058808536788
0.7996735718914894, 0.11314773144715641, 0.28120744908132644
0.8010954767148344, 0.11355846581841264, 0.2516066649675026
0.8053957913502225, 0.1146638790850751, 0.2516066649675026
0.8132797015151009, 0.11669047007395626, 0.26640705702441453
0.8168492712618817, 0.1176645835877527, 0.28120744908132644
0.8211149857319167, 0.11889678670152137, 0.28120744908132644
0.8296464146719866, 0.12136119292905871, 0.3108082331951503
0.8331692287813043, 0.12249278740858158, 0.3256086252520622
0.8373760457974797, 0.1239131166119229, 0.3256086252520622
0.8415828628136551, 0.12533344581526423, 0.355209409365886
0.8499087376376966, 0.12842187360755303, 0.38481019347970985
0.8533382463724534, 0.1298108283055619, 0.39961058553662177
0.8574285385304601, 0.13153829885975254, 0.39961058553662177
0.8615188306884668, 0.1332657694139432, 0.3108082331951503
0.8692690217289656, 0.13575527726889347, 0.29600784113823836
0.8735160325783542, 0.13705047736873238, 0.29600784113823836
0.877055208286178, 0.13812981078526482, 0.3108082331951503
0.8855099621485403, 0.14084563753611967, 0.3108082331951503
0.8876236506141308, 0.1415245942238334, 0.355209409365886
0.8890112964181377, 0.14203933218921486, 0.3256086252520622
0.8932181134343131, 0.14345966139255617, 0.3256086252520622
0.8974249304504885, 0.14487999059589748, 0.3256086252520622
0.9065397006522019, 0.14795737053647035, 0.3404090173089741
0.9100274803255115, 0.14919273212942274, 0.26640705702441453
0.9143109640216485, 0.15036166834597847, 0.355209409365886
0.9184739014336691, 0.15190588224212287, 0.355209409365886
0.927493599159714, 0.1552516790171024, 0.37000980142279793
0.932323164383407, 0.15712494391222193, 0.47361254582118134
0.9356159792947845, 0.15881257398848406, 0.39961058553662177
0.9397062714527912, 0.1605400445426747, 0.39961058553662177
0.9492502864881402, 0.16457080916911956, 0.39961058553662177
0.9526588632864792, 0.16601036796427845, 0.4144109775935337
0.9574005207963441, 0.16809615454883917, 0.4292113696504456
0.965475267402048, 0.17179169849627934, 0.4292113696504456
0.9695126407049, 0.17363947046999942, 0.4292113696504456
0.9735500140077519, 0.1754872424437195, 0.4292113696504456
0.9775873873106038, 0.17733501441743957, 0.4588121537642694
0.9855492215777734, 0.181267923381033, 0.4588121537642694
0.9875396801445657, 0.18225115062193137, 0.4144109775935337
0.9916039580101642, 0.18403896769441197, 0.4144109775935337
0.9963456155200291, 0.18612475427897268, 0.4292113696504456
1.004420362125733, 0.18982029822641286, 0.4292113696504456
1.008457735428585, 0.19166807020013293, 0.4292113696504456
1.012495108731437, 0.193515842173853, 0.4588121537642694
1.0204569429986066, 0.19744875113744645, 0.4588121537642694
1.025101346321122, 0.19974294803287596, 0.47361254582118134
1.029052724214775, 0.2017681041243905, 0.47361254582118134
1.037614042984356, 0.20615594232267204, 0.48841293787809326
1.0408815205792321, 0.2078921207357036, 0.5032133299350052
1.0447712300335064, 0.21003333646859396, 0.5032133299350052
1.0493092243968263, 0.21253142149029938, 0.5180137219919171
1.0570244119231291, 0.21692851817422276, 0.5180137219919171
1.058953208804705, 0.2180277923452036, 0.47361254582118134
1.0635631496806333, 0.2203904744519706, 0.48841293787809326
1.0714050959083359, 0.2245573026432464, 0.48841293787809326
1.075326069022187, 0.22664071673888428, 0.48841293787809326
1.0805540331739887, 0.22941860219973478, 0.48841293787809326
1.0844750062878399, 0.23150201629537268, 0.48841293787809326
1.0929704480345177, 0.23601608016925477, 0.5032133299350051
1.100749866943066, 0.2402985116350355, 0.5032133299350051
1.105287861306386, 0.24279659665674092, 0.518013721991917
1.1136459811265473, 0.24756011806432457, 0.5328141140488288
1.1219326861231351, 0.2524468166869336, 0.5476145061057407
1.1263553265024302, 0.2551438657581631, 0.5624148981626526
1.1301115322754829, 0.25751147270272395, 0.47361254582118106
1.1347214731514113, 0.25987415480949094, 0.45881215376426915
1.1433467936075117, 0.26413480618671714, 0.47361254582118106
1.1459810455366135, 0.26548491024772686, 0.5328141140488287
1.150443117457853, 0.2681162095060548, 0.5476145061057406
1.1542339520686775, 0.27042796585282297, 0.5476145061057406
1.1586565924479726, 0.2731250149240525, 0.6512172505041239
1.1615994526215832, 0.2753678478009006, 0.6660176425610359
1.1639269280346705, 0.2771967607028744, 0.6956184266748597
1.168471580960011, 0.2809907541918411, 0.7548199949025074
1.1733228194138576, 0.2855540244538544, 0.7696203869594193
1.1781059908183769, 0.29018859253893475, 0.8140215631301551
1.1806464044777996, 0.29287876423492604, 0.828821955187067
1.1861471112969932, 0.2988792088029029, 0.843622347243979
1.1876229200254464, 0.3005377170815628, 0.8880235234147147
1.1904243974072863, 0.3039824767150476, 0.8880235234147147
1.1960273521709663, 0.31087199598201715, 0.9176243075285385
1.1987256496100749, 0.3143981603831118, 0.9176243075285385
1.2000747983296292, 0.31616124258365913, 0.9620254836992743
1.2055762329468183, 0.3240532334783241, 0.9768258757561862
1.2109602647309388, 0.3320257804287197, 0.991626267813098
1.21258040306687, 0.33450312093296575, 1.0508278360407457
1.2173602535545915, 0.34285191320752334, 1.0656282280976577
1.2195090686742542, 0.34673742965131255, 1.0656282280976577
1.222374155500471, 0.3519181182430315, 1.0656282280976577
1.2270299215930733, 0.36033673720457476, 1.0804286201545696
1.2280754589460883, 0.36229518372077385, 1.1248297963253053
1.230309807946596, 0.36696867344057876, 1.1396301883822173
1.2327840220394344, 0.3723470116066787, 1.1396301883822173
1.236804619940297, 0.38108681112659115, 1.1544305804391293
1.2406954297530182, 0.3898851576831842, 1.1692309724960412
1.2464803058330236, 0.4035081828162918, 1.1692309724960412
1.2502404752850271, 0.41236314915281175, 1.1840313645529532
1.2519152624089507, 0.4164752936715498, 1.1840313645529532
1.2538691807201947, 0.42127279561007747, 1.1692309724960412
1.2558938873481966, 0.4260408544066651, 1.1840313645529532
1.2592434615960435, 0.4342651434441412, 1.1840313645529532
1.2611973799072875, 0.43906264538266887, 1.1988317566098652
1.2630800819006445, 0.4438885395818201, 1.1840313645529532
1.266708787335812, 0.45279818603908584, 1.1988317566098652
1.268591489329169, 0.4576240802382371, 1.2136321486667772
1.2722136358773781, 0.46733053895664023, 1.2136321486667772
1.2755770576721437, 0.47634367919515747, 1.2284325407236891
1.2763223638908237, 0.47843489409414774, 1.2728337168944248
1.2776258634349593, 0.4826793650142843, 1.2728337168944248
1.2793638628271402, 0.4883386595744664, 1.2728337168944248
1.281753611991389, 0.4961201895947168, 1.2876341089513368
1.282994151231044, 0.5003834872442274, 1.2876341089513368
1.2842346904706992, 0.504646784893738, 1.2876341089513368
1.2863022558701243, 0.5117522809762558, 1.2876341089513368
1.2875427951097793, 0.5160155786257664, 1.2876341089513368
1.2887833343494344, 0.520278876275277, 1.2876341089513368
1.291057656288802, 0.5280949219660466, 1.3024345010082488
1.2924311813531626, 0.5330896442320755, 1.2876341089513368
1.2934649640528753, 0.5366423922733343, 1.3024345010082488
1.2946422712508987, 0.5409235827870734, 1.3024345010082488
1.2971931035132827, 0.5501994955668414, 1.3172348930651607
1.2983069207833504, 0.5544976411602742, 1.3172348930651607
1.2994207380534182, 0.558795786753707, 1.3172348930651607
1.3018340088052318, 0.5681084355394781, 1.3320352851220727
1.3028840921683371, 0.5724225947141003, 1.3320352851220727
1.3037591616375914, 0.5760177273596188, 1.3468356771789847
1.304745281075487, 0.5803469551091893, 1.258033324837513
1.3058837596756212, 0.5838675504838283, 1.272833716894425
1.3071872592197569, 0.5881120214039649, 1.272833716894425
1.3093597584599832, 0.5951861396041925, 1.302434501008249
1.3103408477916694, 0.5987537983656418, 1.287634108951337
1.311374630491382, 0.6023065464069006, 1.302434501008249
1.3137292448874287, 0.6108689274343788, 1.302434501008249
1.3145141163527776, 0.6137230544435383, 1.302434501008249
1.315691423550801, 0.6180042449572773, 1.302434501008249
1.3168687307488245, 0.6222854354710164, 1.302434501008249
1.318046037946848, 0.6265666259847555, 1.2136321486667776
1.3193396617140654, 0.6300332183841852, 1.2876341089513372
1.320373444413778, 0.6335859664254441, 1.3024345010082492
1.3227280588098247, 0.6421483474529223, 1.3024345010082492
1.3239053660078481, 0.6464295379666614, 1.3024345010082492
1.3244940196068598, 0.6485701332235309, 1.346835677178985
1.3254801390447553, 0.6528993609731014, 1.346835677178985
1.3266306117223, 0.6579501266809338, 1.3616360692358969
1.3273988946436193, 0.6615695833622194, 1.2876341089513372
1.328846190423217, 0.6665434306199818, 1.2728337168944253
1.3314531895114885, 0.6750323724602549, 1.302434501008249
1.332630496709512, 0.679313562973994, 1.302434501008249
1.3365548540362564, 0.693584198019791, 1.302434501008249
1.3377321612342798, 0.6978653885335301, 1.302434501008249
1.3398905577639892, 0.7057142378087184, 1.317234893065161
1.3411900112457351, 0.7107287410010568, 1.302434501008249
1.3433484077754445, 0.7185775902762451, 1.317234893065161
1.3446478612571904, 0.7235920934685834, 1.302434501008249
1.3471986935195743, 0.7328680062483515, 1.317234893065161
1.348312510789642, 0.7371661518417842, 1.317234893065161
1.3494263280597099, 0.741464297435217, 1.317234893065161
1.3518395988115235, 0.7507769462209881, 1.332035285122073
1.3528896821746288, 0.7550911053956103, 1.332035285122073
1.353939765537734, 0.7594052645702325, 1.332035285122073
1.3562149461577955, 0.7687526094485805, 1.346835677178985
1.3573654188353401, 0.7738033751564128, 1.3616360692358969
1.3582873583409232, 0.7781467231739555, 1.3616360692358969
1.3593629544307702, 0.7832139625277553, 1.3764364612928088
1.361078069680028, 0.7919269962988107, 1.3764364612928088
1.3620785535754283, 0.7970095993319264, 1.3912368533497208
1.3628715414731578, 0.801378330800843, 1.3912368533497208
1.364061023319752, 0.8079314280042178, 1.4356380295204565
1.364559601042203, 0.8115977811745452, 1.4504384215773685
1.3649150103486383, 0.8145364455695435, 1.4800392056911924
1.3651162200066467, 0.8167473675009753, 1.4948395977481044
1.3653969971799953, 0.8204367969275697, 1.53924077391884
1.3655137364423688, 0.8241350529029605, 1.554041165975752
1.365662519250167, 0.833014041668011, 1.5836419500895758
1.365624496243688, 0.8359738758614262, 1.5836419500895758
1.3655769674855895, 0.8396736686031954, 1.5096399898050161
1.3660292543118198, 0.8470600302167636, 1.53924077391884
1.3662160371316172, 0.8529772397773889, 1.53924077391884
1.3663561242464655, 0.857415146947858, 1.53924077391884
1.3664495156563643, 0.8603737517281708, 1.568841558032664
1.3664509622226462, 0.8611137699171646, 1.6724443024310474
1.3666762383011017, 0.8589051704057462, 1.716845478601783
1.3657069795496997, 0.865494441040125, 1.8500490071139903
1.3648910713633753, 0.8683398510339608, 1.8796497912278143
1.3642162477424034, 0.8704548626637019, 1.92405096739855
1.3626801743714017, 0.8746208107013455, 1.9832525356261976
1.3603070157868737, 0.8800444971910689, 2.0128533197400214
1.3590406953364689, 0.882720033907023, 2.0424541038538453
1.3560145530407028, 0.8886530274875042, 2.086855280024581
1.3519977133960823, 0.8957331482346025, 2.101655672081493
1.3501244477404954, 0.8989240103592473, 2.116456064138405
1.3458998212361215, 0.9058821452690221, 2.131256456195317
1.343146184672037, 0.9102697764397255, 2.146056848252229
1.3407305235868348, 0.9139952597607037, 2.146056848252229
1.3358992014164304, 0.9214462264026602, 2.175657632366053
1.333374337438891, 0.9250985826761324, 2.175657632366053
1.3304286627984288, 0.9293596649951834, 2.190458024422965
1.324841605616848, 0.9371912737174338, 2.205258416479877
1.3226483933423643, 0.9401712980854463, 2.220058808536789
1.3190690717674742, 0.9448868801141735, 2.220058808536789
1.3141475046020004, 0.9513708054036735, 2.234859200593701
1.3127792348012068, 0.9531190899530527, 2.190458024422965
1.3097708193957402, 0.9573361100342644, 2.205258416479877
1.3045071099369796, 0.9644881685174944, 2.205258416479877
1.3014366127527026, 0.9686602026327119, 2.220058808536789
1.2987521215715352, 0.9721968891542573, 2.220058808536789
1.2960676303903678, 0.9757335756758027, 2.220058808536789
1.2902512328311715, 0.9833963964724843, 2.234859200593701
1.288882963030378, 0.9851446810218636, 2.190458024422965
1.2858745476249114, 0.9893617011030753, 2.205258416479877
1.2828040504406344, 0.9935337352182928, 2.220058808536789
1.280119559259467, 0.9970704217398382, 2.3088611608782603
1.276634064609784, 1.0009025423882814, 2.3236615529351723
1.2741041876651928, 1.003602625342585, 2.3384619449920843
1.2679372420087005, 1.0099922543680964, 2.3384619449920843
1.2617702963522082, 1.0163818833936078, 2.3384619449920843
1.258172911385921, 1.0201091669918227, 2.3532623370489962
1.2550424934902804, 1.023257996655698, 2.3532623370489962
1.2519120755946398, 1.0264068263195734, 2.3532623370489962
1.2482599213830592, 1.0300804609274279, 2.4568650814473796
1.2448206445679804, 1.0328886666611141, 2.368062729105908
1.2416439673154926, 1.035990821732508, 2.368062729105908
1.238467290063005, 1.039092976803902, 2.368062729105908
1.2310550431405336, 1.0463313386371542, 2.368062729105908
1.227348919679298, 1.0499505195537804, 2.38286312116282
1.2241266789135117, 1.0530053205130496, 2.38286312116282
1.2166081171266772, 1.0601331894180113, 2.38286312116282
1.21284883623326, 1.063697123870492, 2.397663513219732
1.2095817377783022, 1.0667039015707984, 2.397663513219732
1.2025030244592272, 1.073218586588129, 2.412463905276644
1.1991917839651944, 1.0761766824020143, 2.412463905276644
1.1953286700554897, 1.0796277941848804, 2.427264297333556
1.1919740128416867, 1.0825365601485368, 2.427264297333556
1.1880602460922498, 1.0859301204394693, 2.3236615529351727
1.178952689091722, 1.0956504190749619, 2.3532623370489967
1.1753005348801413, 1.0993240536828164, 2.3384619449920847
1.1686196770856079, 1.1062461517937872, 2.3532623370489967
1.1660109955059075, 1.1088701765136832, 2.3680627291059086
1.1623048720446718, 1.1124893574303094, 2.3532623370489967
1.1560440362533908, 1.1187870167580598, 2.3828631211628206
1.1528217954876046, 1.121841817717329, 2.3828631211628206
1.1490625145941873, 1.1254057521698098, 2.3680627291059086
1.142179713880464, 1.1321270881578298, 2.3828631211628206
1.1384204329870466, 1.1356910226103105, 2.3976635132197326
1.135153334532089, 1.138697800310617, 2.3976635132197326
1.1275301048038542, 1.1457136149446652, 2.3976635132197326
1.1237184899397368, 1.1492215222616893, 2.4124639052766446
1.120407249445704, 1.1521796180755746, 2.4124639052766446
1.1137847684576385, 1.158095809703345, 2.4124639052766446
1.11157727479495, 1.1600678735792684, 2.4716654735042924
1.108096813634087, 1.1628248709606912, 2.4716654735042924
1.104616352473224, 1.165581868342114, 2.4716654735042924
1.0976554301514982, 1.1710958631049595, 2.4716654735042924
1.0959151995710668, 1.1724743617956708, 2.5160666496750284
1.0917158941697491, 1.1755074552270797, 2.5308670417319403
1.0844409202089593, 1.1805999331782955, 2.5308670417319403
1.0808034332285643, 1.1831461721539034, 2.5308670417319403
1.0765596984181036, 1.1861167842921125, 2.5456674337888523
1.0728849258698312, 1.1886089101259962, 2.5456674337888523
1.0655353807732864, 1.1935931617937634, 2.5456674337888523
1.0606356840422564, 1.1969159962389415, 2.5456674337888523
1.0532861389457115, 1.2019002479067087, 2.5456674337888523
1.0496113663974391, 1.2043923737405924, 2.5456674337888523
1.0465490559405455, 1.2064691452688288, 2.471665473504293
1.0430685947796825, 1.2092261426502515, 2.471665473504293
1.0395881336188195, 1.2119831400316743, 2.471665473504293
1.0361076724579565, 1.214740137413097, 2.471665473504293
1.0291467501362308, 1.2202541321759426, 2.471665473504293
1.0256662889753678, 1.2230111295573654, 2.471665473504293
1.018705366653642, 1.2285251243202109, 2.471665473504293
1.015804982352923, 1.2308226221380631, 2.486465865561205
1.0128709130862892, 1.2330769430676314, 2.501266257618117
1.0093103792482512, 1.2357297233528477, 2.501266257618117
1.0057498454102132, 1.238382503638064, 2.590068609959588
1.0019680776449886, 1.24070906269026, 2.501266257618117
0.9978141215006109, 1.2438039730230124, 2.516066649675029
0.9906153122412091, 1.2490035617625705, 2.516066649675029
0.9864160068398915, 1.2520366551939794, 2.5308670417319408
0.9833847676895624, 1.254158521006986, 2.5456674337888527
0.97970999514129, 1.2566506468408698, 2.5456674337888527
0.972360450044745, 1.261634898508637, 2.5752682179026767
0.967989042394995, 1.2644142179895348, 2.5900686099595887
0.9642072746297703, 1.2667407770417307, 2.5900686099595887
0.9566437390993211, 1.2713938951461228, 2.5900686099595887
0.9522316767065591, 1.2741082140403515, 2.6048690020165006
0.9446001041053005, 1.278648883313213, 2.6048690020165006
0.9420562465715476, 1.2801624397375002, 2.6640705702441485
0.9387700546609291, 1.281862930267165, 2.6788709623010605
0.9301614572555348, 1.2861572700115869, 2.6936713543579724
0.9261593602629852, 1.288080253140913, 2.7232721384717964
0.9221021029776679, 1.289883945956829, 2.7232721384717964
0.9133113788594805, 1.2937919470579804, 2.7380725305287084
0.9092278715541856, 1.2955353955203819, 2.7380725305287084
0.9044637796980082, 1.297569418726517, 2.7528729225856203
0.896246054012465, 1.3009350631478656, 2.7824737066994443
0.8913963741528563, 1.3027556198969117, 2.7676733146425323
0.8865741694185661, 1.3046477517944763, 2.7824737066994443
0.8782604325163798, 1.3077687062214127, 2.7824737066994443
0.873410752656771, 1.3095892629704589, 2.7972740987563562
0.8692312446503464, 1.3110880482378269, 2.7972740987563562
0.8608722286374971, 1.3140856187725631, 2.7972740987563562
0.8587824746342848, 1.3148350114062473, 2.7528729225856203
0.8546736117915132, 1.3165178336169214, 2.7528729225856203
0.8498799384749465, 1.3184811261960414, 2.7676733146425323
0.8457466201312692, 1.3201029535368112, 2.7676733146425323
0.8374799834439147, 1.3233466082183507, 2.7676733146425323
0.8333466651002375, 1.3249684355591205, 2.7972740987563562
0.8242910644196508, 1.328215803638418, 2.7824737066994443
0.8194413845600421, 1.330036360387464, 2.8860764510978276
0.8051215174675467, 1.3337770837789442, 2.8860764510978276
0.7950976105027998, 1.3363955901529803, 2.8860764510978276
0.7900856570204264, 1.3377048433399983, 2.9008768431547396
0.7850548757132265, 1.338939776964255, 2.8860764510978276
0.7757469621031045, 1.3413712471687171, 2.9008768431547396
0.7714348638397903, 1.3424297617037944, 2.812074490813268
0.7623321943969728, 1.34554275257167, 2.82687488287018
0.7567028132972221, 1.3473753259644428, 2.82687488287018
0.7482587416475961, 1.3501241860536017, 2.82687488287018
0.7433330331853143, 1.3517276877722777, 2.841675274927092
0.7341422178454325, 1.354569908122088, 2.856475666984004
0.7320117855762247, 1.3551943434347344, 2.812074490813268
0.7264101428421831, 1.357110030122658, 2.812074490813268
0.7173074733993655, 1.3602230209905337, 2.82687488287018
0.7144927828494901, 1.36113930768692, 2.7676733146425327
0.7103594645058129, 1.3627611350276898, 2.7676733146425327
0.7000261686466197, 1.366815703379614, 2.7824737066994447
0.6972549230125575, 1.3678560215219262, 2.841675274927092
0.6951339656264309, 1.3685119185257286, 2.7972740987563562
0.6902578729522689, 1.370260501337658, 2.7824737066994443
0.6854081930926602, 1.3720810580867042, 2.7972740987563562
0.6756560077443361, 1.3755782237105632, 2.7972740987563562
0.6707799150701741, 1.3773268065224926, 2.812074490813268
0.666578683019643, 1.3787635715384352, 2.812074490813268
0.6567758082350702, 1.3821160232423013, 2.812074490813268
0.6518743708427838, 1.3837922490942345, 2.82687488287018
0.646948662380502, 1.3853957508129104, 2.812074490813268
0.6371457875959292, 1.3887482025167766, 2.841675274927092
0.6329038728236761, 1.3900599965243814, 2.841675274927092
0.6272479864606719, 1.3918090552011877, 2.841675274927092
0.6173501853254146, 1.3948699078855988, 2.871276059040916
0.6123581575242816, 1.3962531938466012, 2.886076451097828
0.6066302106872834, 1.3977494832031931, 2.886076451097828
0.5973222970771613, 1.4001809534076552, 2.90087684315474
0.5865420514188758, 1.4028272397453485, 2.915677235211652
0.5814935442674533, 1.4039875832975897, 2.930477627268564
0.5764284171352156, 1.4050730826073372, 2.945278019325476
0.5713477795261376, 1.4060834998985658, 2.930477627268564
0.5670062419842197, 1.4070139278783496, 2.8416752749270926
0.5627643272119666, 1.4083257218859544, 2.8416752749270926
0.5571084408489624, 1.4100747805627607, 2.8416752749270926
0.5479176255090806, 1.412917000912571, 2.8564756669840046
0.5457871932398728, 1.4135414362252174, 2.8120744908132687
0.5408857558475864, 1.4152176620771506, 2.8268748828701806
0.5366637200227734, 1.41659209212173, 2.8268748828701806
0.5268123030982097, 1.4197990955590822, 2.8564756669840046
0.523971726739266, 1.420631675975944, 2.9156772352116525
0.5109898512070367, 1.42361541653885, 2.9452780193254764
0.5066350189706841, 1.4244814885027601, 2.9748788034393003
0.49349934744487256, 1.4266919033160945, 3.0044795875531243
0.48323630707126275, 1.4281079855024181, 3.0044795875531243
0.47810478688445784, 1.4288160265955798, 3.0192799796100362
0.4685564037611638, 1.4299897739531813, 3.034080371666948
0.46340617603467354, 1.4305456300339099, 3.0192799796100362
0.45826473896828446, 1.4311776478418492, 3.034080371666948
0.45385025805986423, 1.431654095911045, 3.034080371666948
0.44870003033337397, 1.4322099519917737, 3.04888076372386
0.4383842498503033, 1.433169097180922, 3.04888076372386
0.43617372546107386, 1.4333746282928823, 3.0044795875531243
0.43177527958666967, 1.4339815206584496, 3.0044795875531243
0.42664375939986476, 1.4346895617516113, 3.0192799796100362
0.4178298672860549, 1.4357730208509358, 3.0192799796100362
0.41562639425760245, 1.436043885625767, 2.9748788034393003
0.4105180775531202, 1.4369034913865082, 2.9896791954962123
0.4024716101445387, 1.4381353488322872, 2.9748788034393003
0.39809305296926817, 1.4388721537700653, 2.9748788034393003
0.39371449579399764, 1.4396089587078433, 2.9748788034393003
0.38495738144345665, 1.4410825685833997, 2.9748788034393003
0.3805788242681861, 1.4418193735211777, 2.9748788034393003
0.37547050756370387, 1.442678979281919, 2.9896791954962123
0.36742404015512237, 1.443910836727698, 3.0044795875531243
0.3652248172179203, 1.4442142829104816, 3.04888076372386
0.36080376843946144, 1.4446253451344022, 3.04888076372386
0.3526985123456202, 1.44537895921159, 3.063681155780772
0.34753408941255143, 1.4457821432707805, 3.04888076372386
0.3431130406340926, 1.446193205494701, 3.04888076372386
0.33869199185563376, 1.4466042677186217, 3.078481547837684
0.3342607138241023, 1.4468843024677394, 3.078481547837684
0.32022833339091916, 1.4477710791732783, 3.093281939894596
0.30692352186930283, 1.4484143446358122, 3.12288272400842
0.3024841813865972, 1.4484974140769944, 3.12288272400842
0.293605500421186, 1.4486635529593588, 3.12288272400842
0.2854667095362257, 1.4488158469348593, 3.137683116065332
0.2810266258515615, 1.4488332056970763, 3.137683116065332
0.2773265561143413, 1.4488476713322571, 3.152483508122244
0.272886701817422, 1.4487993156131136, 3.152483508122244
0.25956713892666394, 1.4486542484556828, 3.182084292236068
0.25513066076032503, 1.4484745099427114, 3.182084292236068
0.24995476956626295, 1.4482648150109114, 3.19688468429298
0.24552143740322627, 1.4480194369645594, 3.19688468429298
0.23591588438331346, 1.4474877845307965, 3.211685076349892
0.2307484668262219, 1.4471249933954942, 3.226485468406804
0.22632433910034222, 1.4467485118972108, 3.226485468406804
0.21673872902760288, 1.4459328019842634, 3.241285860463716
0.21232065771936803, 1.4454908852853268, 3.241285860463716
0.20716624119309404, 1.444975315803234, 3.2560862525206278
0.19907932146824506, 1.4440453481221103, 3.2708866445775397
0.1939424219758807, 1.4433774520055331, 3.2856870366344517
0.1895483201620767, 1.442739867733949, 3.2856870366344517
0.18002776623216804, 1.4413584351455166, 3.3004874286913637
0.17491288442938857, 1.4405387975665909, 3.3152878207482757
0.17053957778352727, 1.439771442736859, 3.3152878207482757
0.1654373866966891, 1.4388761954355054, 3.3300882128051876
0.15598753302155013, 1.4370735394375, 3.3448886048620996
0.15163885318320408, 1.4361770863617567, 3.3448886048620996
0.14656539337180036, 1.435131224440056, 3.3596889969190116
0.1422304571900052, 1.4341705097304722, 3.3596889969190116
0.1328380954627824, 1.4320889611930407, 3.3744893889759235
0.12779781200029125, 1.4308934009750132, 3.3892897810328355
0.12349320858526858, 1.4298048083547819, 3.3892897810328355
0.11416656785271945, 1.4274461910109473, 3.4040901730897475
0.10916387674541152, 1.426101979977644, 3.3892897810328355
0.10485927333038884, 1.4250133873574127, 3.3892897810328355
0.09625006650034348, 1.4228362021169498, 3.3892897810328355
0.09122802918281703, 1.4215661773933466, 3.4040901730897475
0.08336665744276171, 1.4194538457695844, 3.4188905651466595
0.07909615824026747, 1.4182383290009042, 3.4188905651466595
0.07482565903777323, 1.417022812232224, 3.330088212805188
0.07046418811078602, 1.4161908171562214, 3.330088212805188
0.0661027171837988, 1.415358822080219, 3.330088212805188
0.061741246256811586, 1.4145268270042164, 3.330088212805188
0.052291392581672626, 1.4127241710062108, 3.3448886048621
0.04721793277026891, 1.4116783090845102, 3.359688996919012
0.04216050722484125, 1.4105574752566625, 3.4632917413173954
0.03794816954196566, 1.4091536035748933, 3.4632917413173954
0.03443788813956933, 1.4079837105067523, 3.4780921333743073
0.030945305440480728, 1.4067619939254943, 3.4928925254312193
0.02955565785892058, 1.4062526849333814, 3.4632917413173954
0.027449489017482783, 1.4055507490924968, 3.4780921333743073
0.023956906318394183, 1.4043290325112388, 3.5520940936588667
0.021242748768014002, 1.4031477565090926, 3.5816948777726907
0.019903745284881976, 1.4025172125197125, 3.6112956618865146
0.01660435770165727, 1.4008424686913745, 3.685297622171074
0.015337743196474496, 1.40007682925558, 3.714898406284898
0.01409434377679397, 1.3992740379168618, 3.744499190398722
0.012875248837621974, 1.398434798034785, 3.774099974512546
0.008697220585167488, 1.3953724620736463, 3.8185011506832818
0.0069666560711079935, 1.393981847973315, 3.8333015427401937
0.004686930613020184, 1.3920937494490642, 3.8333015427401937
0.0012673424258884684, 1.3892616016626878, 3.8333015427401937
0.0001274796968445634, 1.3883175524005622, 3.80370075862637
-0.0016234761616939835, 1.3869527027037782, 3.788900366569458
-0.0033944398220217987, 1.3856139163776007, 3.744499190398722
-0.005223082230779793, 1.3843550565544855, 3.72969879834181
-0.006454464275850843, 1.3835339510134863, 3.700098014227986
-0.007082036491162482, 1.3831418003700282, 3.685297622171074
-0.008981958248936644, 1.3819933412163365, 3.640896446000338
-0.010281308538984194, 1.3812846770687064, 3.611295661886514
-0.010941186055629135, 1.3809497283030387, 3.596495269829602
-0.012270710928460632, 1.3802994363202299, 3.5668944857157783
