0.0014800392056911916, 0.0, -0.02960078411382383
0.004438820891906861, -8.760784694771078e-05, -0.08880235234147149
0.005913028242198011, -0.00021886613708803338, -0.08880235234147149
0.008124339267634735, -0.0004157535722985173, -0.07400196028455958
0.009600327760361408, -0.0005251794363410522, -0.07400196028455958
0.010338322006724745, -0.0005798923683623197, -0.05920156822764766
0.011077045168432616, -0.0006236771025978932, -0.044401176170735746
0.011816335429944633, -0.0006565240481065399, -0.05920156822764766
0.012555058591652504, -0.0007003087823421134, -0.07400196028455958
0.01329305283801584, -0.0007550217143633809, -0.05920156822764766
0.016247945484847325, -0.0009301606513056745, -0.05920156822764766
0.01846411496997094, -0.0010615148540123948, -0.014800392056911915
0.019204053523055178, -0.0010724670344053088, -0.02960078411382383
0.020683444366163012, -0.0011162709578791642, -0.05920156822764766
0.022160890689578754, -0.001203840426350311, -0.08880235234147149
0.02289799436472433, -0.0012694695714204724, -0.1036027443983834
0.029522459152913037, -0.0019582484113277094, -0.08880235234147149
0.032470873853495334, -0.0022207649916083545, -0.05920156822764766
0.03394832017691107, -0.0023083344600795014, -0.05920156822764766
0.036164489662034685, -0.0024396886627862215, -0.044401176170735746
0.038382360446570736, -0.002538229499312162, -0.02960078411382383
0.04060144671123249, -0.002603935384522945, -0.07400196028455958
0.042077435203959165, -0.00271336124856548, -0.1036027443983834
0.04281348684709124, -0.002789892230777395, -0.08880235234147149
0.043550590522236816, -0.0028555213758475564, -0.07400196028455958
0.044288584768600155, -0.002910234307868824, -0.05920156822764766
0.045766031092015894, -0.002997803776339971, -0.05920156822764766
0.047982200577139505, -0.003129157979046691, -0.07400196028455958
0.048720194823502844, -0.0031838709110679586, -0.05920156822764766
0.04945891798521072, -0.003227655645303532, -0.07400196028455958
0.051672900724300724, -0.0033917944413673342, -0.11840313645529532
0.05387741586660455, -0.003654042607642927, -0.13320352851220724
0.056811272481866085, -0.004047170529086028, -0.13320352851220724
0.05754473663568147, -0.004145452509446803, -0.14800392056911915
0.058276665898977, -0.004254578886310602, -0.13320352851220724
0.05901013005279239, -0.004352860866671378, -0.11840313645529532
0.05974496843356033, -0.004440276922096575, -0.13320352851220724
0.060478432587375716, -0.004538558902457351, -0.14800392056911915
0.06194229111396677, -0.00475681165618495, -0.17760470468294298
0.06267066998549639, -0.0048875527442368335, -0.16280431262603107
0.06413113807634133, -0.005127446483227179, -0.1924050967398549
0.06921568711226005, -0.00611799315983054, -0.17760470468294298
0.07358596034143777, -0.006902439688141841, -0.11840313645529532
0.0757904754837416, -0.007164687854417434, -0.13320352851220724
0.07872433209900313, -0.0075578157758605345, -0.1036027443983834
0.07946038374213521, -0.00763434675807245, -0.08880235234147149
0.08167169476757194, -0.007831234193282934, -0.13320352851220724
0.08460555138283347, -0.008224362114726035, -0.07400196028455958
0.08608153987556015, -0.00833378797876857, -0.1036027443983834
0.08902574644808847, -0.00863991190761623, -0.16280431262603107
0.09267691667520081, -0.009239646255092092, -0.23680627291059064
0.0984318548098829, -0.010628510493277434, -0.23680627291059064
0.10274805841089446, -0.011670158671916439, -0.2664070570244145
0.10774545605638763, -0.013033917591231441, -0.2812074490813264
0.10987831329140513, -0.013650019148115776, -0.2960078411382383
0.11058614843296989, -0.01386588583142226, -0.2812074490813264
0.1112971008446424, -0.014071253017050372, -0.2664070570244145
0.11201101479399857, -0.014266075719809658, -0.25160666496750256
0.11487789121759069, -0.015003017897584625, -0.22200588085367873
0.1184871804780634, -0.015817730330980693, -0.14800392056911915
0.11995103900465447, -0.016035983084708293, -0.11840313645529532
0.12142071576619035, -0.016210815195558687, -0.11840313645529532
0.12215555414695829, -0.016298231250983886, -0.13320352851220724
0.12362248245458907, -0.016494795211705437, -0.16280431262603107
0.12435271650001153, -0.01661474208120061, -0.14800392056911915
0.1258165750266026, -0.01683299483492821, -0.14800392056911915
0.12801236281648917, -0.01716037396551961, -0.16280431262603107
0.1294728309073341, -0.017400267704509954, -0.1924050967398549
0.13165192335129927, -0.01782478770876854, -0.2072054887967668
0.13237611366741842, -0.017977028960192105, -0.22200588085367873
0.1338198293716075, -0.018302913933550533, -0.1924050967398549
0.13527255766758428, -0.01858592726972292, -0.1924050967398549
0.13890437840752623, -0.01929346061015389, -0.17760470468294298
0.14837330373741128, -0.020993094754828377, -0.25160666496750256
0.14980674194920734, -0.02136156584371586, -0.25160666496750256
0.1512401801610034, -0.021730036932603343, -0.2812074490813264
0.1519511325726759, -0.021935404118231455, -0.2960078411382383
0.15478247313893495, -0.022798870851457397, -0.35520940936588596
0.15617011894294186, -0.023313608816838863, -0.35520940936588596
0.15686394184494531, -0.023570977799529595, -0.34040901730897405
0.15756149777960723, -0.023818050118120073, -0.32560862525206213
0.1582626339489698, -0.024054771652010292, -0.34040901730897405
0.15896018988363173, -0.02430184397060077, -0.35520940936588596
0.15965401278563518, -0.0245592129532915, -0.3700098014227979
0.16172382645293218, -0.02536204076548558, -0.4144109775935336
0.16307858574146503, -0.025957979789645782, -0.44401176170735746
0.1650833779230386, -0.02691164085211152, -0.45881215376426937
0.16641035030090018, -0.027567125679377094, -0.42921136965044554
0.16775614140185083, -0.028183049670617123, -0.45881215376426937
0.16841962759078163, -0.02851079208424991, -0.44401176170735746
0.16975615571183067, -0.029146566125893735, -0.4736125458211813
0.17041471869410615, -0.02948409214114616, -0.45881215376426937
0.17107820488303696, -0.029811834554778947, -0.4736125458211813
0.1730538938298634, -0.030824412600536224, -0.42921136965044554
0.17574547603176469, -0.03205626058301628, -0.4884129378780932
0.17639897155073989, -0.03240349626562259, -0.5032133299350051
0.17899211118692268, -0.03383097342088283, -0.44401176170735746
0.18166516742902078, -0.03510252150417048, -0.3848101934797098
0.18372287266987483, -0.035935894322975795, -0.3700098014227979
0.18441281055897382, -0.03620350359370715, -0.3848101934797098
0.18509871230592517, -0.03648129453330892, -0.3700098014227979
0.18647858808412318, -0.03701651307477164, -0.34040901730897405
0.18857125588810897, -0.03775773003054308, -0.3848101934797098
0.19062896112896302, -0.03859110284934839, -0.34040901730897405
0.19132651706362494, -0.038838175167938874, -0.35520940936588596
0.19271416286763185, -0.03935291313332034, -0.32560862525206213
0.19621984371444467, -0.04053652080277144, -0.34040901730897405
0.19901006745309238, -0.04152481007713335, -0.34040901730897405
0.20110273525707817, -0.04226602703290479, -0.35520940936588596
0.20249038106108508, -0.04278076499828625, -0.3848101934797098
0.20523398804889048, -0.043891928756693344, -0.4144109775935336
0.20726612698168972, -0.044785837292933645, -0.3996105855366217
0.20794784234135752, -0.04507374905196542, -0.4144109775935336
0.2113347405626896, -0.04656359661236593, -0.3996105855366217
0.21269817128202517, -0.04713942013042948, -0.42921136965044554
0.21471685793345116, -0.048063306117289525, -0.4144109775935336
0.216071617221984, -0.048659245141449724, -0.44401176170735746
0.21673988128250854, -0.04897713216227164, -0.45881215376426937
0.21740336747143935, -0.04930487457590443, -0.44401176170735746
0.22007642371353744, -0.05057642265919208, -0.5032133299350051
0.22202127844067454, -0.05164703052563726, -0.4884129378780932
0.22332826947862497, -0.052341501890849886, -0.518013721991917
0.22397120177248353, -0.05270792661451017, -0.532814114048829
0.2290707125396145, -0.05571512576688494, -0.6512172505041243
0.23789929306044608, -0.06244362439742934, -0.6068160743333886
0.2439783160160095, -0.0666636221658302, -0.4588121537642694
0.24729574696066348, -0.06830233423399414, -0.5032133299350052
0.24794403186970917, -0.0686592035228092, -0.5180137219919172
0.2492298964574263, -0.06939205297012976, -0.547614506105741
0.25238892529977996, -0.07131851659243657, -0.5920156822764768
0.25300300654968855, -0.07173147328642092, -0.6068160743333888
0.25421881114080125, -0.07257547284010109, -0.6364168584472126
0.2565993963043091, -0.07433469951134569, -0.6660176425610365
0.2647455602501147, -0.08073589466825389, -0.6660176425610365
0.27463733075573576, -0.0885087745016424, -0.7104188187317722
0.27912533539233564, -0.0923696126474323, -0.7696203869594198
0.2823141163286818, -0.09545932470415254, -0.7696203869594198
0.286034360754419, -0.09906398877032616, -0.7844207790163317
0.28760571295873383, -0.10063227234269333, -0.8288219551870675
0.28960596998389515, -0.10281425218559401, -0.7696203869594198
0.2949206048778054, -0.10796377228012774, -0.6808180346179483
0.29607068130748937, -0.10889535172186549, -0.6512172505041245
0.2984249694463778, -0.110689618023344, -0.6512172505041245
0.30077925758526625, -0.11248388432482251, -0.6808180346179483
0.3042294868743181, -0.11527862265003573, -0.740019602845596
0.3064153725858748, -0.11727461059026591, -0.7992211710732436
0.3074473524122197, -0.11833552231534022, -0.7696203869594198
0.31010466985917484, -0.12091028236260709, -0.8436223472439794
0.31207241483044573, -0.12312162673415356, -0.7844207790163318
0.3146913351709704, -0.12573543268809884, -0.8584227393008914
0.3166261370585248, -0.1279756571985995, -0.7992211710732438
0.3192060866243871, -0.1306279365112853, -0.7548199949025081
0.3213621926038745, -0.13265605662773566, -0.6956184266748604
0.32193027421954207, -0.13313030581385651, -0.6808180346179484
0.32423042707891, -0.134993464697332, -0.6512172505041246
0.32540757114835417, -0.13589059784807125, -0.6216164663903008
0.32661075151167684, -0.13675249869138084, -0.5920156822764769
0.327838914011494, -0.13757841207934954, -0.5920156822764769
0.3284529952614026, -0.13799136877333387, -0.6068160743333888
0.32906089755695894, -0.13841336855017397, -0.5920156822764768
0.3345876288061361, -0.14212997879603306, -0.6068160743333887
0.3351955311016924, -0.14255197857287316, -0.6216164663903005
0.3370003016466764, -0.14384482983783756, -0.5772152902195649
0.3394808044116078, -0.14546012245365045, -0.5180137219919172
0.342052533587042, -0.14692582134829157, -0.547614506105741
0.3439479508924542, -0.14808169952167566, -0.5624148981626529
0.344573985187963, -0.14847630067910247, -0.5772152902195649
0.3476746136441273, -0.1504954164488686, -0.5920156822764768
0.34951685739385296, -0.15173428653082163, -0.5476145061057411
0.3545713035416188, -0.15481662832651252, -0.4292113696504458
0.3559170946425695, -0.15543255231775255, -0.45881215376426965
0.35790755320936185, -0.1564157795586509, -0.44401176170735773
0.3672632500567051, -0.1608661978501577, -0.2960078411382386
0.3743416014723528, -0.16302486468322255, -0.23680627291059092
0.3822546414075407, -0.1649345530107274, -0.13320352851220751
0.38372156971517146, -0.16513111697144894, -0.13320352851220751
0.38958928294569456, -0.16591737281433513, -0.10360274439838368
0.39326954116135493, -0.1663000277253947, -0.029600784113824108
0.39696801826912453, -0.16640953753407933, -0.10360274439838368
0.40432853470044533, -0.16717484735619847, -0.07400196028455985
0.4094944944249887, -0.16755783788034734, -2.7755575615628914e-16
0.4124545728363711, -0.16755783788034734, 0.029600784113823556
0.41985152705191026, -0.16733881826297806, 0.14800392056911887
0.4227792441050924, -0.16690231275552286, 0.1776047046829427
0.42569275959121083, -0.16637934840331534, 0.1776047046829427
0.4315197905634478, -0.16533341969890028, 0.20720548879676653
0.4344165518279244, -0.164724454693206, 0.2664070570244142
0.4372722076253491, -0.16394516388216887, 0.20720548879676653
0.43872058825758736, -0.16364068137932175, 0.1776047046829427
0.4401773460006466, -0.16337919920321797, 0.20720548879676653
0.4416257266328849, -0.16307471670037085, 0.20720548879676653
0.4430741072651232, -0.16277023419752373, 0.23680627291059037
0.44379347453195844, -0.16259662616775056, 0.2516066649675023
0.4459436318496525, -0.16204391953441932, 0.23680627291059037
0.44666299911648777, -0.16187031150464615, 0.22200588085367845
0.4481067148206769, -0.16154442653128773, 0.2516066649675023
0.4495401530324729, -0.16117595544240024, 0.22200588085367845
0.450983868736662, -0.16085007046904182, 0.19240509673985462
0.4531629611806272, -0.16042555046478324, 0.1776047046829427
0.45461971892368647, -0.16016406828867946, 0.14800392056911887
0.4560835774502775, -0.15994581553495185, 0.11840313645529504
0.45755325421181336, -0.15977098342410145, 0.08880235234147121
0.4590274615621045, -0.15963972513396113, 0.08880235234147121
0.4619758762626868, -0.15937720855368048, 0.14800392056911887
0.46783131036905107, -0.1585041975387701, 0.20720548879676653
0.47217645226576593, -0.1575907500302287, 0.11840313645529504
0.4765854825503736, -0.15706625369767752, 0.20720548879676653
0.4780338631826119, -0.1567617711948304, 0.20720548879676653
0.478758053498731, -0.15660952994340682, 0.19240509673985462
0.4794844176467194, -0.15646802327532064, 0.20720548879676653
0.48165698859507683, -0.15601129952104995, 0.19240509673985462
0.4831097168910536, -0.15572828618487755, 0.1628043126260308
0.483839950936476, -0.15560833931538237, 0.1776047046829427
0.4867534664225945, -0.15508537496317484, 0.1776047046829427
0.4874818452941241, -0.15495463387512295, 0.19240509673985462
0.48893457359010084, -0.15467162053895056, 0.22200588085367845
0.4896564314421954, -0.15450867805227134, 0.20720548879676653
0.4911048120744337, -0.15420419554942422, 0.23680627291059037
0.49470164840861, -0.15333615540055837, 0.22200588085367845
0.4954235062607045, -0.15317321291387914, 0.20720548879676653
0.5012170287896577, -0.1519552829024906, 0.1776047046829427
0.5019454076611873, -0.15182454181443872, 0.1628043126260308
0.5034058757520322, -0.15158464807544839, 0.1628043126260308
0.5048663438428771, -0.15134475433645805, 0.13320352851220696
0.5063332721505078, -0.1511481903757365, 0.10360274439838313
0.507805375436772, -0.15099512841131268, 0.0740019602845593
0.5092813639294986, -0.15088570254727016, 0.10360274439838313
0.5107534672157628, -0.15073264058284633, 0.13320352851220696
0.5114869313695781, -0.15063435860248556, 0.14800392056911887
0.5122188606328737, -0.15052523222562175, 0.1628043126260308
0.5129490946782962, -0.15040528535612657, 0.1776047046829427
0.5144058524213554, -0.1501438031800228, 0.14800392056911887
0.515137781684651, -0.150034676803159, 0.13320352851220696
0.521005494915174, -0.1492484209602728, 0.1628043126260308
0.5224659630060189, -0.14900852722128247, 0.19240509673985462
0.5231923271540073, -0.14886702055319628, 0.1776047046829427
0.5246490848970665, -0.1486055383770925, 0.20720548879676653
0.5260974655293048, -0.14830105587424539, 0.23680627291059037
0.5268168327961401, -0.1481274478444722, 0.2516066649675023
0.5275335519020381, -0.14794321230002846, 0.23680627291059037
0.5282529191688734, -0.1477696042702553, 0.22200588085367845
0.5318622084293462, -0.14695489183685922, 0.1776047046829427
0.5333189661724054, -0.14669340966075545, 0.14800392056911887
0.534050895435701, -0.14658428328389164, 0.1628043126260308
0.5369718316173908, -0.14610449580591095, 0.10360274439838313
0.5377078832605229, -0.14602796482369904, 0.08880235234147121
0.5406562979611051, -0.1457654482434184, 0.029600784113823553
0.5443547750688748, -0.14565593843473376, -0.014800392056912193
0.5465745907281274, -0.1456887949759125, -0.029600784113824108
0.5473142861496814, -0.14571069693764943, -0.04440117617073602
0.5591429303338736, -0.14623624806578778, -0.07400196028455987
0.559880924580237, -0.14629096099780906, -0.05920156822764795
0.5606196477419448, -0.14633474573204464, -0.07400196028455987
0.5657856074664882, -0.1467177362561935, -0.14800392056911943
0.5716410415728524, -0.14759074727110388, -0.14800392056911943
0.5760326171526257, -0.1482455055322867, -0.05920156822764794
0.5834198487697043, -0.14868335287464243, -0.2072054887967671
0.5870408003503, -0.14944455913176027, -0.13320352851220751
0.5892411928117461, -0.1497394050728426, -0.08880235234147177
0.592926711187474, -0.15006755079819342, -0.13320352851220751
0.5943936394951047, -0.15026411475891496, -0.13320352851220751
0.5958605678027354, -0.1504606787196365, -0.16280431262603134
0.5965908018481579, -0.15058062558913168, -0.14800392056911943
0.5973227311114535, -0.1506897519659955, -0.13320352851220751
0.5995231235728996, -0.15098459790707783, -0.08880235234147177
0.6017344345983363, -0.1511814853422883, -0.07400196028455985
0.6039484173374263, -0.15134562413835212, -0.05920156822764794
0.6091194794693814, -0.15165211727800113, -0.04440117617073602
0.6120766405154294, -0.1517835050600357, 0.014800392056911638
0.6157763332808506, -0.15172874415807114, -2.7929047963226594e-16
0.6165163528836962, -0.15172874415807114, 0.014800392056911636
0.6172562914367804, -0.15171779197767823, -2.7929047963226594e-16
0.6194763502453172, -0.15171779197767823, -0.014800392056912194
0.6202162887984014, -0.15172874415807114, -2.7929047963226594e-16
0.620956308401247, -0.15172874415807114, -0.014800392056912194
0.6216962469543312, -0.15173969633846404, -0.029600784113824108
0.6224359423758852, -0.15176159830020097, -0.04440117617073602
0.6253931034219332, -0.15189298608223556, -0.07400196028455985
0.6290830746537499, -0.1521665507423419, -0.08880235234147177
0.6312943856791866, -0.15236343817755238, -0.07400196028455985
0.6349843569110033, -0.15263700283765871, -0.05920156822764794
0.6386779727195426, -0.1528559265088366, -0.014800392056912193
0.6394179112726268, -0.1528668786892295, -2.7755575615628914e-16
0.6401579308754725, -0.1528668786892295, 0.014800392056911638
0.6408978694285566, -0.1528559265088366, 0.029600784113823553
0.6438566511147723, -0.15276831866188886, 0.029600784113823553
0.646075737379434, -0.15270261277667807, 0.04440117617073547
0.6475543179024581, -0.15263691888566078, 0.0740019602845593
0.6527202776270015, -0.15225392836151191, 0.08880235234147121
0.6593542107033117, -0.15166326605588046, 0.19240509673985462
0.6629860314432536, -0.1509557327154495, 0.20720548879676653
0.6651586023916111, -0.1504990089611788, 0.22200588085367845
0.6673241759478947, -0.15001018150114115, 0.2664070570244142
0.6701798317453194, -0.149230890690104, 0.2664070570244142
0.673035487542744, -0.14845159987906686, 0.23680627291059037
0.6737548548095793, -0.1482779918492937, 0.2516066649675023
0.6759050121272734, -0.14772528521596245, 0.20720548879676653
0.6773533927595117, -0.14742080271311533, 0.20720548879676653
0.67880177339175, -0.14711632021026821, 0.1776047046829427
0.6831720466209277, -0.1463318736819569, 0.23680627291059037
0.6846107811545982, -0.14598465762241059, 0.2664070570244142
0.6896081788000913, -0.14462089870309558, 0.2516066649675023
0.6931917743295815, -0.14369972098087688, 0.1776047046829427
0.6953769109441703, -0.14330749771672124, 0.22200588085367845
0.6960987687962649, -0.14314455523004202, 0.20720548879676653
0.6975471494285032, -0.1428400727271949, 0.23680627291059037
0.7033020875631852, -0.14145120848900955, 0.11840313645529504
0.706241441086257, -0.14110154426730875, 0.11840313645529504
0.7084459562285608, -0.14083929610103316, 0.10360274439838313
0.7128622660873533, -0.14038011020776167, 0.10360274439838313
0.7172785759461457, -0.13992092431449019, 0.0740019602845593
0.7224445356706891, -0.13953793379034132, 0.029600784113823553
0.7276224036215665, -0.13938462005818283, -0.014800392056912193
0.7320620349400719, -0.1394503331405403, -0.10360274439838368
0.7350062415126003, -0.13975645706938797, -0.16280431262603134
0.7379271776942902, -0.14023624454736866, -0.19240509673985517
0.7393799059902669, -0.14051925788354105, -0.19240509673985517
0.7415589984342321, -0.14094377788779963, -0.23680627291059092
0.7444364675015731, -0.1416382100068923, -0.2072054887967671
0.7451606578176923, -0.14179045125831588, -0.222005880853679
0.7466043735218814, -0.1421163362316743, -0.25160666496750284
0.7487545308395754, -0.14266904286500554, -0.26640705702441475
0.7516101866370001, -0.14344833367604268, -0.26640705702441475
0.7544658424344247, -0.14422762448707982, -0.23680627291059092
0.75518520970126, -0.144401232516853, -0.25160666496750284
0.7566186479130561, -0.14476970360574049, -0.25160666496750284
0.7573353670189541, -0.14495393915018423, -0.23680627291059092
0.7580547342857894, -0.1451275471799574, -0.25160666496750284
0.7587714533916874, -0.14531178272440115, -0.26640705702441475
0.7609131952397559, -0.14589625083267901, -0.28120744908132667
0.7637570048864458, -0.14671771957519147, -0.28120744908132667
0.7673117669448083, -0.14774455550333204, -0.2072054887967671
0.7702085282092849, -0.1483535205090263, -0.26640705702441475
0.7759198398041343, -0.1499121021311006, -0.23680627291059092
0.7802360434051459, -0.1509537503097396, -0.2072054887967671
0.7831328046696224, -0.15156271531543386, -0.14800392056911943
0.7845966631962135, -0.15178096806916147, -0.1184031364552956
0.7890056934808212, -0.15230546440171266, -0.05920156822764794
0.7912218629659448, -0.15243681860441938, -0.014800392056912193
0.791961801519029, -0.15244777078481228, -0.029600784113824108
0.7941808877836907, -0.15251347667002307, 0.014800392056911638
0.7993604576552803, -0.15243681140727267, 0.029600784113823553
0.8008398484983882, -0.1523930074837988, 0.05920156822764738
0.8023172948218039, -0.15230543801532767, 0.029600784113823553
0.8037966856649118, -0.1522616340918538, 0.029600784113823553
0.8060157719295735, -0.15219592820664302, 0.014800392056911638
0.8067557104826577, -0.1521849760262501, -2.7755575615628914e-16
0.8074957300855033, -0.1521849760262501, -0.014800392056912193
0.8119353614040088, -0.1522506891086076, -0.014800392056912193
0.8148951156163458, -0.15229449783017926, -0.014800392056912193
0.8171149312755984, -0.152327354371358, -0.05920156822764794
0.8178536544373063, -0.15237113910559358, -0.04440117617073602
0.8193322349603304, -0.15243683299661087, -0.04440117617073602
0.8208108154833544, -0.15250252688762816, -0.07400196028455985
0.8222868039760811, -0.1526119527516707, -0.07400196028455985
0.8252387809615345, -0.15283080447975578, -0.07400196028455985
0.8274527637006245, -0.15299494327581958, -0.05920156822764794
0.8289302100240402, -0.15308251274429074, -0.08880235234147177
0.8311415210494769, -0.15327940017950123, -0.10360274439838368
0.832613624335741, -0.15343246214392506, -0.10360274439838368
0.8333496759788731, -0.15350899312613697, -0.08880235234147177
0.8340867796540187, -0.15357462227120713, -0.10360274439838368
0.8362949345834149, -0.15380421521784288, -0.1184031364552956
0.8399691264872545, -0.15424129549496887, -0.10360274439838368
0.8407051781303866, -0.1543178264771808, -0.1184031364552956
0.8443793700342263, -0.15475490675430678, -0.13320352851220751
0.8473132266494878, -0.1551480346757499, -0.19240509673985517
0.8480395907974763, -0.15528954134383607, -0.17760470468294326
0.8502247274120651, -0.1556817646079917, -0.16280431262603134
0.85168519550291, -0.15592165834698204, -0.19240509673985517
0.8538642879468752, -0.15634617835124062, -0.2072054887967671
0.8545884782629943, -0.1564984196026642, -0.19240509673985517
0.8567675707069595, -0.15692293960692277, -0.2072054887967671
0.8596643319714361, -0.15753190461261704, -0.2072054887967671
0.8603885222875552, -0.15768414586404061, -0.222005880853679
0.8611103801396498, -0.15784708835071984, -0.23680627291059092
0.8625491146733203, -0.15819430441026616, -0.26640705702441475
0.8632630286226765, -0.15838912711302544, -0.25160666496750284
0.8639797477285744, -0.15857336265746919, -0.23680627291059092
0.8654184822622449, -0.1589205787170155, -0.23680627291059092
0.8668572167959154, -0.15926779477656183, -0.2072054887967671
0.8683055974281537, -0.15957227727940895, -0.2072054887967671
0.869753978060392, -0.15987675978225607, -0.17760470468294326
0.8704823569319217, -0.16000750087030796, -0.19240509673985517
0.8719350852278984, -0.16029051420648036, -0.19240509673985517
0.8726614493758869, -0.16043202087456654, -0.2072054887967671
0.873385639692006, -0.1605842621259901, -0.19240509673985517
0.8741120038399944, -0.1607257687940763, -0.2072054887967671
0.8755603844722327, -0.16103025129692342, -0.17760470468294326
0.8762887633437624, -0.1611609923849753, -0.16280431262603134
0.8770189973891849, -0.16128093925447048, -0.17760470468294326
0.8777473762607145, -0.16141168034252237, -0.19240509673985517
0.8792001045566913, -0.16169469367869477, -0.222005880853679
0.8806438202608804, -0.1620205786520532, -0.25160666496750284
0.8820772584726765, -0.16238904974094068, -0.28120744908132667
0.887053925354384, -0.16382662004033746, -0.3256086252520624
0.8891573338624716, -0.16453678464200813, -0.37000980142279816
0.8912271475297686, -0.1653396124542022, -0.38481019347971007
0.89191304927672, -0.16561740339380399, -0.399610585536622
0.8925947646363878, -0.16590531515283577, -0.4144109775935339
0.8932721442806542, -0.16620328466491588, -0.4292113696504458
0.8939450398311295, -0.1665112466605359, -0.44401176170735773
0.8952815679521785, -0.16714702070217974, -0.4144109775935339
0.899345845817777, -0.16893483777466034, -0.44401176170735773
0.9040236942414487, -0.17116004692041373, -0.4884129378780935
0.9131726315071016, -0.17602134647690212, -0.577215290219565
0.915653134272033, -0.17763663909271502, -0.6364168584472126
0.916843426853787, -0.17851625242833732, -0.6660176425610365
0.9180071645603306, -0.17943070887932422, -0.6956184266748603
0.9202794910230009, -0.18132770562380757, -0.7252192107886841
0.9208332876806491, -0.18181856026071486, -0.7400196028455961
0.9213797591085383, -0.1823175572457724, -0.7548199949025081
0.922457812098282, -0.18333161730399758, -0.7252192107886842
0.9252267953865232, -0.18578589048853408, -0.7104188187317723
0.9280317982843981, -0.18819891432965277, -0.6956184266748603
0.9314402879784035, -0.19104440944637782, -0.6956184266748603
0.9337126144410738, -0.19294140619086117, -0.6660176425610365
0.9360400898541611, -0.19477031909283493, -0.6364168584472126
0.9384206750176689, -0.19652954576407952, -0.577215290219565
0.9390408007089017, -0.19693336891803276, -0.5920156822764768
0.9402689632087189, -0.19775928230600145, -0.6216164663903007
0.9408705533903802, -0.19819023272765626, -0.6364168584472125
0.943846284844765, -0.200389266066712, -0.6808180346179482
0.9495966669931848, -0.2050471632754007, -0.7400196028455959
0.9545149098441874, -0.2095381361409186, -0.7844207790163316
0.9571338301847121, -0.21215194209486388, -0.7992211710732435
0.9602297696637468, -0.21533467727008682, -0.7992211710732435
0.9633257091427816, -0.21851741244530976, -0.8288219551870674
0.9643258376553623, -0.2196084023667601, -0.8584227393008912
0.9657769390710281, -0.2212885707496356, -0.9028239154716269
0.9676103981520893, -0.22361246661640902, -0.9324246995854507
0.9680513673522609, -0.22420675205043522, -0.9472250916423626
0.968483492919505, -0.22480749867483668, -0.9324246995854506
0.9693654313198483, -0.22599606954288912, -0.9620254836992744
0.9710581804328297, -0.22842437443355526, -0.9620254836992744
0.9731741168240563, -0.23145975554688794, -0.9176243075285386
0.9758724142631648, -0.23498591994798262, -0.8880235234147148
0.9772731529540848, -0.23670829976472502, -0.9028239154716267
0.9781898824946154, -0.23787024769811174, -0.9028239154716267
0.9795649768054112, -0.23961316959819182, -0.9472250916423623
0.9817256046416316, -0.24261690272019906, -0.991626267813098
0.98294070839358, -0.2444749080983836, -1.0360274439838337
0.9833178536141979, -0.24511161092950726, -1.0508278360407457
0.984788576841189, -0.2476804700909096, -1.1100294042683934
0.9857756930873238, -0.2496690028741391, -1.154430580439129
0.9860749861498409, -0.2503457987631078, -1.169230972496041
0.9869427175618417, -0.2523892525330739, -1.184031364552953
0.9880592423111241, -0.2551306822122326, -1.1248297963253053
0.9899743985972735, -0.25913653054349395, -1.0952290122114814
0.9913296494289321, -0.2617681383001364, -1.0952290122114814
0.9933625256764199, -0.2657155499351001, -1.00642665987001
0.9945499981414897, -0.26759133517282396, -1.0508278360407457
0.9960207213684809, -0.2701601943342263, -1.0508278360407457
0.999329848629211, -0.2759401274473815, -1.0360274439838337
0.9997069938498289, -0.27657683027850516, -1.0212270519269218
1.000480047893289, -0.2778389330858363, -1.0508278360407455
1.0012154095067844, -0.2791233626665375, -1.0804286201545694
1.0015639219577894, -0.2797761781719372, -1.0952290122114814
1.0019027346657041, -0.28043408011109777, -1.1100294042683934
1.0032188896605505, -0.2830854571554038, -1.0804286201545694
1.0042644270135654, -0.28504390367160287, -1.124829796325305
1.0045836197279236, -0.2857115450601464, -1.1100294042683931
1.00589977472277, -0.2883629221044524, -1.0804286201545692
1.006248287173775, -0.2890157376098521, -1.0656282280976572
1.0069645588803293, -0.29031090975778184, -1.0360274439838335
1.0073417041009471, -0.2909476125889055, -1.0212270519269215
1.0081147581444072, -0.29220971539623664, -1.0508278360407455
1.0099531621781461, -0.29542078934798954, -1.0064266598700098
1.0103489863331694, -0.2960460510938975, -0.9916262678130978
1.011159055501135, -0.2972847213460205, -0.962025483699274
1.0120054300576256, -0.2984988737913536, -0.962025483699274
1.012428617335871, -0.2991059500140201, -0.9472250916423621
1.0137249940376032, -0.30090818988722445, -0.9324246995854502
1.0154888708382899, -0.3032853316233293, -0.962025483699274
1.0176048072295165, -0.306320712736662, -0.947225091642362
1.0193333094984929, -0.3087236992342678, -0.9768258757561858
1.019747465789579, -0.30933697207660593, -0.9620254836992739
1.0205938403460697, -0.310551124521939, -0.9916262678130977
1.0209988749300525, -0.3111704596480005, -1.0064266598700096
1.0221863473951223, -0.31304624488572436, -1.0508278360407453
1.0225540282018701, -0.31368845967607495, -1.0656282280976572
1.0229121640551473, -0.3143360457500398, -1.0508278360407453
1.0232798448618952, -0.3149782605403904, -1.0360274439838333
1.023656990082513, -0.31561496337151407, -1.0508278360407453
1.0243923516960085, -0.31689939295221525, -1.080428620154569
1.0247408641470135, -0.31755220845761495, -1.095229012211481
1.0264349276865867, -0.32084171815341805, -1.1396301883822166
1.027362757971401, -0.3228585949657055, -1.1248297963253047
1.0295971069719088, -0.3275320846855104, -1.1100294042683927
1.030255184469332, -0.3288577732076634, -1.080428620154569
1.0323462591753618, -0.3327746662400616, -1.050827836040745
1.033816982402353, -0.3353435254014639, -1.050827836040745
1.0345523440158486, -0.3366279549821651, -1.050827836040745
1.035655386436092, -0.3385545993532168, -1.0952290122114807
1.0359941991440067, -0.3392125012923774, -1.1100294042683927
1.0369813153901415, -0.3412010340756069, -1.0952290122114807
1.0383365662218, -0.3438326418322494, -1.0952290122114807
1.0390141916376294, -0.34514844571057063, -1.0952290122114807
1.0396918170534588, -0.3464642495888919, -1.1248297963253044
1.0406493951965337, -0.3484671737545225, -1.1692309724960401
1.0415171266085346, -0.35051062752448864, -1.184031364552952
1.041796257795855, -0.3511959849442783, -1.198831756609864
1.0420652152234775, -0.3518853984012999, -1.213632148666776
1.0431001142372516, -0.35465867232084364, -1.1544305804391284
1.0433994072997685, -0.3553354682098123, -1.1396301883822164
1.0452550678693975, -0.3593692218343873, -1.1396301883822164
1.0455643446310023, -0.3600415141051498, -1.1544305804391284
1.0458636376935193, -0.36071830999411847, -1.1692309724960404
1.0467313691055202, -0.3627617637640846, -1.1544305804391284
1.0470306621680372, -0.3634385596530533, -1.1396301883822164
1.047649215691247, -0.36478314419457825, -1.1692309724960404
1.0482277032992475, -0.366145446707889, -1.1988317566098643
1.04849666072687, -0.3668348601649106, -1.2136321486667763
1.0492728349872005, -0.36891481560456846, -1.1988317566098643
1.05034866469769, -0.37167246943265486, -1.1988317566098643
1.0511555369805574, -0.3737407098037197, -1.1840313645529523
1.0517137993551986, -0.37511142464329905, -1.1840313645529523
1.051992930542519, -0.3757967820630887, -1.1692309724960404
1.0522821743465194, -0.37647793331974405, -1.1840313645529523
1.0528404367211606, -0.3778486481593234, -1.1544305804391284
1.0534390228461947, -0.3792022399372608, -1.1840313645529523
1.053997285220836, -0.38057295477684017, -1.1840313645529523
1.0542764164081564, -0.3812583121966298, -1.1692309724960404
1.0545656602121567, -0.38193946345328517, -1.1840313645529523
1.0551239225867979, -0.3833101782928645, -1.2136321486667763
1.0569349958609024, -0.3881634076520661, -1.110029404268393
1.058909228353172, -0.3921404732185251, -1.1396301883822169
1.0601463353995912, -0.3948296423015751, -1.1396301883822169
1.060764888922801, -0.39617422684310005, -1.110029404268393
1.0614229664202242, -0.39749991536525303, -1.110029404268393
1.0617520051689358, -0.3981627596263295, -1.1248297963253049
1.0623903905976522, -0.39949804240341663, -1.095229012211481
1.0640844541372254, -0.40278755209921974, -1.1396301883822166
1.0656308379452495, -0.4061490134530322, -1.1248297963253047
1.0710571140893397, -0.4174989170582727, -1.1396301883822166
1.073840604943783, -0.4235495474951351, -1.1544305804391286
1.0759356563814022, -0.428287118717916, -1.1988317566098643
1.0762046138090247, -0.42897653217493764, -1.1840313645529523
1.0770420073709863, -0.43103260443430663, -1.1988317566098643
1.0775799222262312, -0.43241143134834986, -1.1988317566098643
1.0783867945090986, -0.4344796717194147, -1.1840313645529523
1.0806198440076633, -0.4399625310777321, -1.1544305804391286
1.0818170162577314, -0.4426697146336069, -1.095229012211481
1.08317226708939, -0.44530132239024933, -1.065628228097657
1.0842466746492212, -0.44724408061214393, -1.1100294042683927
1.085233790895356, -0.44923261339537346, -1.0952290122114807
1.0859114163111854, -0.4505484172736947, -1.1248297963253044
1.0862306090255436, -0.45121605866223824, -1.1396301883822164
1.0865398857871484, -0.4518883509330007, -1.1248297963253044
1.0871782712158649, -0.45322363371008784, -1.0952290122114805
1.0881947093396087, -0.4551973395275697, -1.0804286201545685
1.0892402466926236, -0.4571557860437688, -1.0360274439838328
1.0922574084575662, -0.462249408692758, -0.9472250916423613
1.0939859107265426, -0.4646523951903638, -0.9176243075285375
1.0962344919257998, -0.4675908655246093, -0.9916262678130972
1.0994747685976622, -0.47254554653310143, -0.8732231313578018
1.1013762035877779, -0.4748141604667394, -0.843622347243978
1.1043278210446843, -0.4781311770240591, -0.7548199949025065
1.1107961389831467, -0.4842155373734102, -0.7252192107886827
1.1146727155866842, -0.4876515198317613, -0.7104188187317708
1.123087724280309, -0.49489059135511737, -0.6956184266748588
1.128200458821317, -0.49915883403020495, -0.5920156822764755
1.1331131088205857, -0.5024624875820797, -0.5624148981626517
1.1368693145936384, -0.5048300945266405, -0.4736125458211802
1.1381864405581894, -0.5055051465571454, -0.44401176170735634
1.141527760860812, -0.507094581661255, -0.42921136965044443
1.1448922386131888, -0.5086343916393551, -0.4144109775935325
1.1455696182574553, -0.5089323611514351, -0.42921136965044443
1.146915409358406, -0.5095482851426751, -0.42921136965044443
1.1475883049088813, -0.5098562471382951, -0.4144109775935325
1.1496204438416806, -0.5107501556745354, -0.45881215376426826
1.151610902408473, -0.5117333829154338, -0.4736125458211802
1.1522694653907486, -0.5120709089306862, -0.4884129378780921
1.153576456428699, -0.5127653802958988, -0.4884129378780921
1.156843934023575, -0.5145015587089303, -0.4736125458211802
1.1588196229704015, -0.5155141367546876, -0.42921136965044443
1.1621841007227782, -0.5170539467327877, -0.3848101934797087
1.1628700024697296, -0.5173317376723895, -0.37000980142279677
1.1649398161370266, -0.5181345654845836, -0.4144109775935325
1.1662945754255594, -0.5187305045087438, -0.44401176170735634
1.169635895728182, -0.5203199396128534, -0.4884129378780921
1.1715963822851077, -0.5213616466606723, -0.4736125458211802
1.1742306342142095, -0.522711750721682, -0.503213329935004
1.1755272040323008, -0.5234254892993121, -0.503213329935004
1.1768237738503922, -0.5241392278769422, -0.5328141140488278
1.1812858457716318, -0.5267705271352702, -0.518013721991916
1.1845005072409247, -0.5286026507535716, -0.47361254582118023
1.1884518851345776, -0.5306278068450861, -0.41441097759353257
1.1925161630001762, -0.5324156239175667, -0.3552094093658849
1.1939038088041831, -0.5329303618829482, -0.38481019347970874
1.1966474157919886, -0.5340415256413553, -0.3256086252520611
1.2001530966388014, -0.5352251333108065, -0.340409017308973
1.2106164356587303, -0.5389312180896636, -0.3552094093658849
1.214779373070751, -0.5404754319858079, -0.3552094093658849
1.2154731959727545, -0.5407328009684986, -0.3700098014227968
1.2161631338618535, -0.54100041023923, -0.3552094093658849
1.216856956763857, -0.5412577792219206, -0.3700098014227968
1.218926770431154, -0.5420606070341147, -0.38481019347970874
1.2223562791659106, -0.5434495617321236, -0.3700098014227968
1.2237361549441086, -0.5439847802735863, -0.340409017308973
1.2258288227480945, -0.5447259972293578, -0.29600784113823725
1.227244493031224, -0.5451577305959707, -0.29600784113823725
1.230075833597483, -0.5460211973291966, -0.2664070570244134
1.2315036614961954, -0.5464108427347152, -0.29600784113823725
1.232919331779325, -0.5468425761013281, -0.2664070570244134
1.2336332457286812, -0.5470373988040874, -0.28120744908132533
1.2371880077870436, -0.548064234732228, -0.2664070570244134
1.2407575775338244, -0.5490383482460244, -0.2516066649675015
1.2436244539574166, -0.5497752904237994, -0.2516066649675015
1.2443411730633147, -0.549959525968243, -0.2368062729105896
1.2472186421306557, -0.5506539580873357, -0.2368062729105896
1.2486573766643263, -0.5510011741468821, -0.2368062729105896
1.2515348457316673, -0.5516956062659748, -0.29600784113823725
1.2543661862979263, -0.5525590729992007, -0.2368062729105896
1.2615598589662789, -0.5542951532969324, -0.2368062729105896
1.2673147971009608, -0.5556840175351176, -0.17760470468294193
1.2702283125870792, -0.5562069818873252, -0.20720548879676576
1.2716766932193175, -0.5565114643901723, -0.20720548879676576
1.2724008835354366, -0.5566637056415958, -0.22200588085367767
1.278175746352193, -0.5579672455350295, -0.22200588085367767
1.2853943248731385, -0.5595966704018217, -0.22200588085367767
1.292612903394084, -0.5612260952686139, -0.22200588085367767
1.2962221926545567, -0.5620408077020099, -0.29600784113823725
1.3011770386455102, -0.5635518744851553, -0.19240509673985384
1.306261587681429, -0.5645424211617587, -0.08880235234147045
1.311421313407448, -0.5650018251772498, 0.014800392056912942
1.3136411290667007, -0.564968968636071, 0.029600784113824857
1.318818997017578, -0.5648156549039125, 0.0740019602845606
1.3239849567421214, -0.5644326643797636, 0.08880235234147252
1.3328302008438682, -0.5636451146389216, 0.14800392056912018
1.3335621301071636, -0.5635359882620579, 0.13320352851220826
1.334295594260979, -0.5634377062816971, 0.14800392056912018
1.3401510283673432, -0.5625646952667867, 0.177604704682944
1.3474348170826393, -0.5612572843862678, 0.177604704682944
1.3488915748256987, -0.560995802210164, 0.14800392056912018
1.3547470089320628, -0.5601227911952535, 0.14800392056912018
1.362066301565018, -0.5590315274266155, 0.14800392056912018
1.3627982308283135, -0.5589224010497518, 0.13320352851220826
1.363531694982129, -0.558824119069391, 0.11840313645529635
1.364266533362897, -0.5587367030139658, 0.13320352851220826
1.3649999975167124, -0.5586384210336051, 0.11840313645529635
1.3679393510397841, -0.5582887568119043, 0.177604704682944
1.3686677299113137, -0.5581580157238524, 0.19240509673985592
1.3693940940593021, -0.5580165090557662, 0.177604704682944
1.3744927461600094, -0.5571013214394029, 0.19240509673985592
1.3781245668999513, -0.556393788098972, 0.20720548879676784
1.3795729475321896, -0.5560893055961249, 0.20720548879676784
1.3846422797450235, -0.55502361683616, 0.19240509673985592
1.391179557076919, -0.5537500568233842, 0.20720548879676784
1.3955246989736338, -0.5528366093148428, 0.20720548879676784
1.4005940311864677, -0.5517709205548779, 0.19240509673985592
1.4034994877784213, -0.5512048938825331, 0.1628043126260321
1.4042297218238438, -0.551084947013038, 0.177604704682944
1.4064148584384326, -0.5506927237488823, 0.22200588085367975
1.4085804319947162, -0.5502038962888447, 0.2664070570244155
1.4092943459440723, -0.5500090735860854, 0.25160666496750356
1.4107277841558683, -0.5496406024971979, 0.2812074490813274
1.4114387365675407, -0.5494352353115698, 0.2960078411382393
1.4128544068506703, -0.5490035019449568, 0.2664070570244155
1.4149961486987388, -0.548419033836679, 0.2812074490813274
1.4178399583454289, -0.5475975650941666, 0.2812074490813274
1.4185509107571013, -0.5473921979085384, 0.2664070570244155
1.4199787386558136, -0.5470025525030199, 0.23680627291059164
1.420698105922649, -0.5468289444732467, 0.25160666496750356
1.421414825028547, -0.546644708928803, 0.23680627291059164
1.4221341922953823, -0.5464711008990298, 0.22200588085367973
1.4242997658516658, -0.5459822734389922, 0.17760470468294398
1.4250281447231954, -0.5458515323509403, 0.16280431262603207
1.4264886128140404, -0.54561163861195, 0.16280431262603207
1.4272188468594629, -0.5454916917424548, 0.14800392056912015
1.4279507761227583, -0.545382565365591, 0.13320352851220824
1.429417704430389, -0.5451860014048695, 0.1036027443983844
1.4353061175754458, -0.5445737535471742, 0.1036027443983844
1.4397224274342382, -0.5441145676539026, 0.13320352851220824
1.4455901406647613, -0.5433283118110165, 0.13320352851220824
1.4477905331262075, -0.5430334658699342, 0.14800392056912015
1.4492543916527987, -0.5428152131162066, 0.17760470468294398
1.4499827705243282, -0.5426844720281547, 0.1924050967398559
1.451435498820305, -0.5424014586919823, 0.22200588085367973
1.4528792145244942, -0.5420755737186239, 0.25160666496750356
1.4557460909480864, -0.5413386315408489, 0.3108082331951512
1.4642008448104487, -0.538622804789994, 0.3108082331951512
1.471246473029084, -0.5363596158309483, 0.3700098014227989
1.471936410918183, -0.5360920065602169, 0.35520940936588696
1.47332405672219, -0.5355772685948355, 0.3848101934797108
1.4746958602160927, -0.5350216867156319, 0.4144109775935346
1.4774053787931583, -0.5338298086673114, 0.35520940936588696
1.4787930245971652, -0.53331507070193, 0.3848101934797108
1.4794789263441166, -0.5330372797623282, 0.3700098014227989
1.4801688642332156, -0.5327696704915968, 0.3848101934797108
1.480854765980167, -0.5324918795519951, 0.3700098014227989
1.481544703869266, -0.5322242702812637, 0.35520940936588696
1.4822385267712694, -0.531966901298573, 0.34040901730897505
1.4836336386405933, -0.531472756661392, 0.3700098014227989
1.4843235765296923, -0.5312051473906607, 0.35520940936588696
1.4857112223336992, -0.5306904094252792, 0.3848101934797108
1.4905125345623587, -0.5287458728480668, 0.42921136965044654
1.491185430112834, -0.5284379108524468, 0.44401176170735845
1.4945267504154567, -0.5268484757483373, 0.4884129378780942
1.4984477235293079, -0.5247650616526994, 0.4884129378780942
1.5030221921621343, -0.5223344118744552, 0.5032133299350061
1.5049670468892713, -0.52126380400801, 0.45881215376427037
1.505630533078202, -0.5209360615943772, 0.4736125458211823
1.5076062220250286, -0.51992348354862, 0.5180137219919181
1.5082491543188872, -0.5195570588249596, 0.5032133299350061
1.5095457241369785, -0.5188433202473295, 0.53281411404883
1.51018316298287, -0.5184674203532826, 0.5476145061057418
1.5108149687513406, -0.5180821276288212, 0.5624148981626538
1.5114410030468493, -0.5176875264713944, 0.5476145061057418
1.5133364203522615, -0.5165316482980102, 0.5032133299350061
1.5139847052613071, -0.5161747790091952, 0.4884129378780942
1.5172521828561831, -0.5144386005961636, 0.4736125458211823
1.5179107458384586, -0.5141010745809113, 0.45881215376427037
1.5185742320273894, -0.5137733321672785, 0.44401176170735845
1.5192424960879138, -0.5134554451464566, 0.42921136965044654
1.5226069738402905, -0.5119156351683565, 0.44401176170735845
1.5259482941429132, -0.5103262000642469, 0.42921136965044654
1.527294085243864, -0.5097102760730069, 0.3996105855366227
1.5279758006035318, -0.5094223643139751, 0.4144109775935346
1.5293305598920646, -0.5088264252898149, 0.4144109775935346
1.530007939536331, -0.5085284557777349, 0.3996105855366227
1.5313713702556666, -0.5079526322596714, 0.3700098014227989
1.5327512460338646, -0.5074174137182086, 0.34040901730897505
1.5341463579031884, -0.5069232690810276, 0.34040901730897505
1.5355414697725123, -0.5064291244438466, 0.34040901730897505
1.5376341375764981, -0.5056879074880751, 0.35520940936588696
1.5431847207925258, -0.5036289556265493, 0.3848101934797108
1.5521014435028933, -0.5000176734117262, 0.3700098014227989
1.5534813192810912, -0.4994824548702635, 0.34040901730897505
1.554876431150415, -0.49898831023308254, 0.3700098014227989
1.556256306928613, -0.49845309169161983, 0.3700098014227989
1.556946244817712, -0.49818548242088845, 0.35520940936588696
1.5597215364257258, -0.49715600649012553, 0.32560862525206313
1.5653306257806263, -0.4952622342190038, 0.2664070570244155
1.5660445397299825, -0.4950674115162445, 0.2812074490813274
1.5703102542000176, -0.49383520840247586, 0.2812074490813274
1.57386501625838, -0.4928083724743353, 0.2664070570244155
1.5767206720558047, -0.4920290816632981, 0.2664070570244155
1.578148499954517, -0.49163943625777956, 0.2664070570244155
1.5802902418025855, -0.4910549681495017, 0.3108082331951512
1.5816993674463125, -0.4906023303576926, 0.34040901730897505
1.5844895911849601, -0.4896140410833307, 0.3700098014227989
1.587249342741356, -0.48854360400040525, 0.3700098014227989
1.588629218519554, -0.48800838545894254, 0.3996105855366227
1.594764656756564, -0.48541717962765657, 0.44401176170735845
1.5961011848776132, -0.48478140558601274, 0.4736125458211823
1.5974183108421642, -0.4841063535555079, 0.5032133299350061
1.5987148806602556, -0.4833926149778778, 0.5032133299350061
1.6006597353873926, -0.4823220071114326, 0.45881215376427037
1.601986707765254, -0.481666522284167, 0.4884129378780942
1.6026402032842293, -0.4813192866015607, 0.5032133299350061
1.6065299127385035, -0.4791780708686703, 0.5624148981626538
1.607781981329521, -0.4783888685538167, 0.5920156822764776
1.6083960625794296, -0.47797591185983235, 0.6068160743333895
1.6090039648749859, -0.47755391208299225, 0.5920156822764775
1.6096180461248943, -0.4771409553890079, 0.6068160743333895
1.6102259484204506, -0.4767189556121678, 0.6216164663903014
1.610827538602112, -0.476288005190513, 0.6068160743333895
1.61447495237545, -0.4737560065294725, 0.6068160743333895
1.6211618776265697, -0.4691140089842315, 0.6512172505041252
1.6241047378001803, -0.4668711761073834, 0.6956184266748608
1.6252409010315154, -0.4659226777351417, 0.7252192107886847
1.6257946976891637, -0.4654318230982344, 0.7104188187317728
1.6269166988483137, -0.4644666135617869, 0.7400196028455966
1.6274631702762028, -0.46396761657672936, 0.7548199949025085
1.6280021967710747, -0.4634605865476168, 0.7696203869594205
1.6290651237498568, -0.46243068252871006, 0.7400196028455966
1.6317974808893028, -0.45993569760342234, 0.7548199949025086
1.6339535868687902, -0.457907577486972, 0.8140215631301563
1.6354778350644439, -0.4562934744693772, 0.7992211710732444
1.6359938249776163, -0.45576301860684004, 0.8140215631301564
1.6370099904413853, -0.45468694992844355, 0.7844207790163326
1.6380575585775952, -0.45364142754686543, 0.7548199949025087
1.638596585072467, -0.45313439751775286, 0.7400196028455968
1.6396895279282455, -0.4521364035476378, 0.7696203869594206
1.6418153818858097, -0.4500765955098243, 0.7696203869594206
1.646067089800938, -0.4459569794341973, 0.7992211710732444
1.6527749586721798, -0.43906105322121425, 0.8140215631301563
1.6609042823823323, -0.43045250379404215, 0.8140215631301563
1.6629366133098704, -0.4283003664372491, 0.7548199949025086
1.6656317457842298, -0.4257652162916862, 0.8288219551870681
1.6696322598345523, -0.4214012566058848, 0.9472250916423635
1.6769783944777017, -0.4111885639910602, 0.9620254836992754
1.6841725782078723, -0.4008682682057291, 0.9768258757561874
1.6912132351563374, -0.39044262988598094, 0.9916262678130994
1.6989088922520106, -0.37867526249081224, 0.9768258757561875
1.7047070803272173, -0.3700894426980785, 0.7696203869594207
1.7100217152211274, -0.36493992260354474, 0.7400196028455969
1.7204046723510218, -0.3554589798874514, 0.7548199949025087
1.730646175753587, -0.34582540933431216, 0.7400196028455969
1.746493847162373, -0.3313544967676434, 0.7548199949025088
1.7524231386059634, -0.3257771664474049, 0.5920156822764777
1.7579498698551406, -0.3220605562015458, 0.725219210788685
1.7629340397739746, -0.31764286446938006, 0.5920156822764777
1.775215664772146, -0.30938373058969315, 0.5920156822764777
1.7776719897717803, -0.30773190381375576, 0.6512172505041254
1.7806148499453909, -0.30548907093690764, 0.5772152902195657
1.7923972380788151, -0.29781643101179633, 0.5920156822764776
1.8046788630769866, -0.2895572971321094, 0.5920156822764776
1.8163464068252495, -0.28171111994640685, 0.5772152902195657
1.8281287949586738, -0.27403848002129555, 0.5920156822764776
1.8397963387069367, -0.266192302835593, 0.5772152902195657
1.851578726840361, -0.2585196629104817, 0.5624148981626539
1.8640994127505366, -0.25062763976194546, 0.5624148981626539
1.8753680300696947, -0.2435248189282629, 0.5624148981626539
1.8878887159798703, -0.2356327957797267, 0.5624148981626539
1.8947750932304668, -0.2312921830480318, 0.5476145061057419
1.9067794028314107, -0.22397162128326592, 0.5328141140488301
1.919528179749238, -0.21645362340232896, 0.5328141140488301
1.9322769566670654, -0.208935625521392, 0.5328141140488301
1.94375085589311, -0.20216942742854874, 0.5328141140488301
1.9571370716568288, -0.19427552965356493, 0.5180137219919181
1.962923462301556, -0.1909777071406224, 0.5032133299350062
1.9765374453915154, -0.18348345207550612, 0.5180137219919182
1.9823238360362425, -0.1801856295625636, 0.5328141140488301
1.9957100517999613, -0.17229173178757978, 0.5180137219919181
2.0079257653832743, -0.16532966203803443, 0.53281411404883
2.021311981146993, -0.15743576426305061, 0.518013721991918
2.02709837179172, -0.1541379417501081, 0.5032133299350061
