0.0014800392056911916, 0.0, 0.0
0.003700098014227979, 0.0, -0.014800392056911915
0.006659852226564927, -4.380872157165599e-05, -0.044401176170735746
0.010356303534125009, -0.00020804344911488958, -0.05920156822764766
0.014049919342664365, -0.00042696712029275665, -0.07400196028455958
0.018477884820844385, -0.0007552447124203615, -0.1036027443983834
0.02215814303650478, -0.0011378996234799375, -0.11840313645529532
0.026567173321112438, -0.0016623959560311233, -0.14800392056911915
0.030958748900885603, -0.002317154217213919, -0.17760470468294298
0.03532902213006332, -0.0031016007455252205, -0.2072054887967668
0.03967416402677816, -0.0040150482540666195, -0.2072054887967668
0.044019305923493, -0.004928495762608018, -0.23680627291059064
0.04905487679133982, -0.006143751971020192, -0.25160666496750256
0.052638472320829965, -0.007064929693238901, -0.2664070570244145
0.05763586996632314, -0.008428688612553904, -0.2812074490813264
0.06190158443635813, -0.009660891726322573, -0.2812074490813264
0.06687825131806563, -0.011098462025719354, -0.2960078411382383
0.07112526216745421, -0.012393662125558267, -0.2960078411382383
0.0732487675921485, -0.013041262175477722, -0.34040901730897405
0.07534143539613429, -0.013782479131249158, -0.2960078411382383
0.07958844624552289, -0.01507767923108807, -0.2960078411382383
0.08171195167021718, -0.015725279281007528, -0.34040901730897405
0.08659484321285069, -0.017454785511140877, -0.32560862525206213
0.0908016602290261, -0.018875114714482197, -0.32560862525206213
0.0950084772452015, -0.02029544391782352, -0.32560862525206213
0.09991643043073947, -0.02195249465505506, -0.3108082331951502
0.10414380736192061, -0.02331040803048249, -0.3108082331951502
0.10625749582751118, -0.023989364718196206, -0.35520940936588596
0.10972661033752844, -0.025276209631649872, -0.34040901730897405
0.11391194594550001, -0.026758643543192743, -0.34040901730897405
0.11879483748813352, -0.02848814977332609, -0.32560862525206213
0.12300165450430893, -0.029908478976667412, -0.32560862525206213
0.1279096076898469, -0.031565529713898956, -0.3108082331951502
0.13213698462102805, -0.03292344308932639, -0.3108082331951502
0.13636436155220918, -0.034281356464753825, -0.2812074490813264
0.14063007602224417, -0.035513559578522494, -0.2812074490813264
0.14489579049227916, -0.03674576269229116, -0.2812074490813264
0.14987245737398666, -0.03818333299168795, -0.2664070570244145
0.15415594107012368, -0.03935226920824366, -0.2664070570244145
0.15915333871561685, -0.040716028127558666, -0.25160666496750256
0.16345365335100503, -0.04182144139422112, -0.25160666496750256
0.16775396798639322, -0.04292685466088358, -0.25160666496750256
0.1720542826217814, -0.04403226792754603, -0.25160666496750256
0.1763545972571696, -0.04513768119420849, -0.25160666496750256
0.1813716309984558, -0.04642733000531468, -0.23680627291059064
0.18568783459946736, -0.04746897818395369, -0.23680627291059064
0.19000403820047893, -0.04851062636259269, -0.23680627291059064
0.19503960906832574, -0.04972588257100487, -0.25160666496750256
0.19718976638601982, -0.050278589204336095, -0.2960078411382383
0.2014367772354084, -0.051573789304175006, -0.2960078411382383
0.20639162322636176, -0.05308485608732041, -0.3108082331951502
0.2106190001575429, -0.05444276946274784, -0.3108082331951502
0.21484637708872403, -0.055800682838175276, -0.3108082331951502
0.21977831684176868, -0.05738491510950728, -0.32560862525206213
0.2232839976885815, -0.05856852277895838, -0.34040901730897405
0.22816688923121503, -0.06029802900909173, -0.35520940936588596
0.23232982664323573, -0.06184224290523613, -0.35520940936588596
0.23649276405525643, -0.06338645680138053, -0.35520940936588596
0.24065570146727713, -0.06493067069752492, -0.35520940936588596
0.2455124617813013, -0.06673225357636005, -0.34040901730897405
0.2503953533239348, -0.0684617598064934, -0.35520940936588596
0.25455829073595554, -0.0700059737026378, -0.35520940936588596
0.25872122814797627, -0.07155018759878219, -0.35520940936588596
0.262884165559997, -0.07309440149492659, -0.35520940936588596
0.2670471029720177, -0.07463861539107099, -0.35520940936588596
0.2719038632860419, -0.07644019826990611, -0.34040901730897405
0.27608919889401345, -0.07792263218144899, -0.34040901730897405
0.28027453450198503, -0.07940506609299186, -0.34040901730897405
0.2844598701099566, -0.08088750000453473, -0.34040901730897405
0.2886452057179282, -0.08236993391607761, -0.34040901730897405
0.29352809726056167, -0.08409944014621096, -0.32560862525206213
0.2977349142767371, -0.08551976934955229, -0.32560862525206213
0.3026428674622751, -0.08717682008678383, -0.34040901730897405
0.30682820307024666, -0.0886592539983267, -0.34040901730897405
0.31101353867821824, -0.09014168790986958, -0.34040901730897405
0.31589643022085173, -0.09187119414000293, -0.32560862525206213
0.32010324723702716, -0.09329152334334426, -0.32560862525206213
0.3243100642532026, -0.09471185254668558, -0.32560862525206213
0.3292180174387406, -0.09636890328391713, -0.3108082331951502
0.3334453943699217, -0.09772681665934456, -0.3108082331951502
0.33767277130110285, -0.09908473003477199, -0.3108082331951502
0.341900148232284, -0.10044264341019941, -0.3108082331951502
0.34683208798532866, -0.10202687568153142, -0.2960078411382383
0.3510790988347173, -0.10332207578137033, -0.2960078411382383
0.3553261096841059, -0.10461727588120924, -0.2960078411382383
0.3595731205334945, -0.10591247598104815, -0.2960078411382383
0.3638201313828831, -0.10720767608088706, -0.2960078411382383
0.36877497737383647, -0.10871874286403246, -0.2812074490813264
0.37304069184387145, -0.10995094597780114, -0.2812074490813264
0.37730640631390644, -0.11118314909156982, -0.2812074490813264
0.38228307319561394, -0.1126207193909666, -0.2664070570244145
0.38656655689175096, -0.11378965560752231, -0.2664070570244145
0.39085004058788797, -0.11495859182407803, -0.23680627291059064
0.3951662441888995, -0.11600024000271704, -0.23680627291059064
0.3973243459894053, -0.11652106409203654, -0.1924050967398549
0.3995034384333705, -0.11694558409629512, -0.23680627291059064
0.40381964203438203, -0.11798723227493413, -0.23680627291059064
0.40885521290222887, -0.1192024884833463, -0.22200588085367873
0.41318636001479614, -0.12018014340342159, -0.22200588085367873
0.4175175071273634, -0.12115779832349688, -0.22200588085367873
0.42257051209202523, -0.12229839573025138, -0.2072054887967668
0.4269156539887401, -0.12321184323879278, -0.2072054887967668
0.43198498620157405, -0.12427753199875774, -0.1924050967398549
0.4363431710895044, -0.1251265720072749, -0.1924050967398549
0.4407013559774347, -0.12597561201579205, -0.1924050967398549
0.4457859050133534, -0.12696615869239541, -0.17760470468294298
0.4501561782425311, -0.12775060522070672, -0.17760470468294298
0.45452645147170884, -0.12853505174901803, -0.17760470468294298
0.4596251035724162, -0.12945023936538122, -0.16280431262603107
0.4618158057086836, -0.12981007997386673, -0.2072054887967668
0.46616094760539845, -0.13072352748240812, -0.2072054887967668
0.4705060895021133, -0.1316369749909495, -0.2072054887967668
0.47557542171494727, -0.13270266375091447, -0.1924050967398549
0.4799336066028776, -0.13355170375943162, -0.1924050967398549
0.4842917914908079, -0.13440074376794878, -0.1924050967398549
0.48864997637873825, -0.13524978377646593, -0.1924050967398549
0.4930081612666686, -0.1360988237849831, -0.1924050967398549
0.4980927103025873, -0.13708937046158645, -0.17760470468294298
0.502462983531765, -0.13787381698989776, -0.17760470468294298
0.5068332567609427, -0.13865826351820906, -0.17760470468294298
0.5112035299901204, -0.13944271004652037, -0.17760470468294298
0.5155738032192981, -0.14022715657483167, -0.17760470468294298
0.5206724553200055, -0.14114234419119487, -0.1924050967398549
0.5250306402079359, -0.14199138419971202, -0.1924050967398549
0.5301151892438546, -0.1429819308763154, -0.17760470468294298
0.5344854624730323, -0.1437663774046267, -0.17760470468294298
0.53885573570221, -0.144550823932938, -0.17760470468294298
0.5439543878029174, -0.1454660115493012, -0.1924050967398549
0.5483125726908478, -0.14631505155781835, -0.1924050967398549
0.5526707575787781, -0.1471640915663355, -0.1924050967398549
0.5548498500227433, -0.14758861157059408, -0.23680627291059064
0.5570079518232491, -0.14810943565991358, -0.1924050967398549
0.5591870442672143, -0.14853395566417216, -0.23680627291059064
0.5635032478682259, -0.14957560384281116, -0.23680627291059064
0.569258186002908, -0.1509644680809965, -0.23680627291059064
0.5735743896039196, -0.1520061162596355, -0.23680627291059064
0.5778905932049312, -0.1530477644382745, -0.23680627291059064
0.5822067968059428, -0.1540894126169135, -0.23680627291059064
0.5865230004069544, -0.1551310607955525, -0.2072054887967668
0.5908681423036692, -0.1560445083040939, -0.2072054887967668
0.5952132842003841, -0.15695795581263527, -0.2072054887967668
0.6002826164132181, -0.15802364457260024, -0.1924050967398549
0.6046408013011485, -0.1588726845811174, -0.1924050967398549
0.6097253503370672, -0.15986323125772076, -0.17760470468294298
0.6140956235662449, -0.16064767778603206, -0.17760470468294298
0.6191942756669523, -0.16156286540239526, -0.16280431262603107
0.6228454458940647, -0.16216259974987113, -0.14800392056911915
0.6279689507371333, -0.16292648438791774, -0.13320352851220724
0.6323697356600256, -0.1635161762700824, -0.13320352851220724
0.6367705205829179, -0.16410586815224704, -0.1036027443983834
0.6389786755123141, -0.16433546109888278, -0.05920156822764766
0.6441497376442692, -0.16464195423853178, -0.044401176170735746
0.6485854792133413, -0.16483903591158366, -0.014800392056911915
0.6537650490849309, -0.16491570117433407, -1.734723475976807e-18
0.6574651470991589, -0.16491570117433407, 0.014800392056911915
0.6626447169707486, -0.16483903591158366, 0.02960078411382383
0.6670828895000721, -0.1647076241411621, 0.05920156822764766
0.6722539516320272, -0.1644011310015131, 0.07400196028455958
0.6766819171102072, -0.1640728534093855, 0.1036027443983834
0.6810982269689997, -0.163613667516114, 0.13320352851220724
0.6832986194304458, -0.16331882157503166, 0.08880235234147149
0.6855099304558825, -0.16312193413982118, 0.13320352851220724
0.6899107153787748, -0.16253224225765653, 0.16280431262603107
0.6942921196513095, -0.1618125610406855, 0.1924050967398549
0.6993766686872283, -0.16082201436408214, 0.2072054887967668
0.7037218105839431, -0.15990856685554075, 0.23680627291059064
0.7080380141849547, -0.15886691867690175, 0.2664070570244145
0.7130354118304478, -0.15750315975758675, 0.3108082331951502
0.7179673515834925, -0.15591892748625474, 0.32560862525206213
0.7221741685996679, -0.15449859828291343, 0.35520940936588596
0.7263371060116885, -0.15295438438676903, 0.3848101934797098
0.7304525164933967, -0.1512876387491584, 0.4144109775935336
0.7345167943589952, -0.1494998216766778, 0.44401176170735746
0.7385263787221423, -0.14759249955174633, 0.4736125458211813
0.7424777566157952, -0.14556734346023179, 0.5032133299350051
0.7470157509791151, -0.14306925843852636, 0.5476145061057409
0.7514383913584103, -0.14037220936729683, 0.5624148981626528
0.755194597131463, -0.138004602422736, 0.5920156822764766
0.7588790846309144, -0.13552686225882993, 0.6216164663903004
0.7624886257208823, -0.13294115972890116, 0.6512172505041243
0.7660200579292149, -0.1302497602766834, 0.6808180346179481
0.7700453254331088, -0.1269892322306013, 0.69561842667486
0.7711814886644439, -0.12604073385835962, 0.6660176425610361
0.7735089640775312, -0.12421182095638585, 0.7252192107886838
0.7768317440234206, -0.12126669313494204, 0.7548199949025076
0.7800659029926517, -0.11822451296026648, 0.7844207790163314
0.7837323914693862, -0.11456518462474309, 0.7992211710732433
0.786828330948421, -0.11138244944952014, 0.8288219551870671
0.7898287164861629, -0.10810947968516912, 0.8288219551870671
0.7928291020239049, -0.10483650992081811, 0.858422739300891
0.7962150053271251, -0.10091611702744195, 0.8732231313578028
0.7995425165598273, -0.09694604264357551, 0.8880235234147147
0.801877081044694, -0.09407540961567153, 0.9028239154716267
0.8050856344365509, -0.09000859184881803, 0.9176243075285385
0.8077839318756594, -0.08648242744772335, 0.9176243075285385
0.810482229314768, -0.08295626304662866, 0.9472250916423623
0.8130749827182325, -0.07935178330021997, 0.9472250916423623
0.8160998616889411, -0.07514655692940983, 0.9620254836992742
0.817369423523677, -0.07332532826141022, 1.00642665987001
0.8185568959887468, -0.07144954302368636, 0.9620254836992743
0.8210960196582188, -0.06780708568768715, 0.9620254836992743
0.824058330605936, -0.0635575521290214, 0.9768258757561862
0.8265432683524532, -0.059877915074992634, 0.9768258757561862
0.8290282060989703, -0.056198278020963874, 0.9768258757561862
0.8319273001365737, -0.05190536812459699, 0.991626267813098
0.8343575076404706, -0.04818935736822792, 0.991626267813098
0.8367877151443674, -0.04447334661185885, 0.991626267813098
0.8392179226482643, -0.04075733585548978, 0.991626267813098
0.8416481301521612, -0.03704132509912071, 0.991626267813098
0.8444833722400409, -0.032705979216690134, 1.00642665987001
0.8468583171701806, -0.028954408741242416, 1.00642665987001
0.8492332621003202, -0.025202838265794697, 1.00642665987001
0.8516082070304599, -0.02145126779034698, 1.00642665987001
0.8543789761156229, -0.017074435568991308, 0.9916262678130982
0.8568091836195197, -0.013358424812622238, 0.9916262678130982
0.8592393911234166, -0.009642414056253167, 0.9916262678130982
0.8616695986273135, -0.005926403299884097, 0.9916262678130982
0.8645048407151932, -0.0015910574174535152, 0.9768258757561863
0.8669897784617103, 0.002088579636575243, 0.9768258757561863
0.8694747162082275, 0.0057682166906040016, 0.9768258757561863
0.8723738102458308, 0.010061126586970885, 0.9916262678130982
0.8748040177497277, 0.013777137343339955, 0.9916262678130982
0.8772342252536246, 0.017493148099709026, 0.9916262678130982
0.8796644327575215, 0.021209158856078096, 0.9916262678130982
0.8824996748454011, 0.025544504738508677, 1.00642665987001
0.8848746197755408, 0.029296075213956392, 1.00642665987001
0.8872495647056805, 0.03304764568940411, 1.00642665987001
0.8896245096358202, 0.03679921616485183, 1.00642665987001
0.8923952787209831, 0.041176048386207496, 0.9916262678130982
0.8952305208088628, 0.04551139426863808, 1.00642665987001
0.8976054657390025, 0.0492629647440858, 1.00642665987001
0.8999804106691421, 0.05301453521953352, 1.00642665987001
0.9023553555992818, 0.056766105694981236, 1.00642665987001
0.9047303005294215, 0.060517676170428955, 1.00642665987001
0.9071052454595612, 0.06426924664587667, 1.00642665987001
0.9098760145447241, 0.06864607886723234, 1.021227051926922
0.9121951766751043, 0.07243238728922569, 1.021227051926922
0.9145143388054845, 0.07621869571121903, 1.021227051926922
0.9172200279575946, 0.08063605553687794, 1.036027443983834
0.9194828992813017, 0.08445627252361987, 1.036027443983834
0.9217457706050087, 0.0882764895103618, 1.036027443983834
0.9240086419287158, 0.09209670649710372, 1.036027443983834
0.9262715132524229, 0.09591692348384565, 1.036027443983834
0.9292886750173656, 0.10101054613283487, 1.036027443983834
0.9315515463410726, 0.1048307631195768, 1.036027443983834
0.9338144176647797, 0.10865098010631873, 1.036027443983834
0.9360772889884867, 0.11247119709306065, 1.036027443983834
0.9383401603121938, 0.11629141407980258, 1.036027443983834
0.9406030316359009, 0.1201116310665445, 1.036027443983834
0.9432430481802258, 0.12456855088441009, 1.050827836040746
0.9454491330207125, 0.12842183962651357, 1.050827836040746
0.9476552178611993, 0.13227512836861707, 1.050827836040746
0.9502289835084339, 0.13677063190107117, 1.065628228097658
0.9523777986280965, 0.14065614834486037, 1.065628228097658
0.954526613747759, 0.14454166478864958, 1.0952290122114818
0.9565594899952469, 0.14848907642361328, 1.0952290122114818
0.9589311789506494, 0.1530943899977376, 1.1100294042683938
0.9599182951967842, 0.1550829227809671, 1.0656282280976581
0.9609927027566155, 0.1570256810028617, 1.1100294042683938
0.9632959739975968, 0.16166559083039722, 1.1248297963253058
0.9652111302837463, 0.16567143916165855, 1.1248297963253058
0.9671262865698957, 0.16967728749291988, 1.1248297963253058
0.9690414428560452, 0.1736831358241812, 1.1248297963253058
0.9699990209991199, 0.17568605998981188, 1.08042862015457
0.9713930708031399, 0.17829732201141066, 1.1396301883822177
0.9732487313727688, 0.18233107563598563, 1.1396301883822177
0.9751043919423977, 0.1863648292605606, 1.1396301883822177
0.9769600525120267, 0.1903985828851356, 1.1396301883822177
0.9788157130816556, 0.19443233650971056, 1.1396301883822177
0.9809806504128893, 0.19913838240504803, 1.1248297963253058
0.9828958066990388, 0.20314423073630936, 1.1248297963253058
0.9848109629851882, 0.20715007906757069, 1.1248297963253058
0.987045311985696, 0.21182356878737557, 1.1100294042683938
0.9886905057292541, 0.21513779009275807, 1.0952290122114818
0.9910621946846566, 0.2197431036668824, 1.0804286201545699
0.9931532693906865, 0.22365999669928058, 1.0804286201545699
0.9955928565477213, 0.22822970523707845, 1.065628228097658
0.9977416716673839, 0.23211522168086765, 1.036027443983834
0.9988731073292374, 0.23402533017423863, 0.9916262678130983
1.0000882110811857, 0.23588333555242316, 1.036027443983834
1.0023510824048927, 0.2397035525391651, 1.036027443983834
1.0046139537285996, 0.243523769525907, 1.036027443983834
1.0072539702729244, 0.2479806893437726, 1.021227051926922
1.0099596594250346, 0.2523980491694315, 1.036027443983834
1.0122225307487416, 0.25621826615617344, 1.036027443983834
1.0144854020724485, 0.2600384831429154, 1.036027443983834
1.0167482733961555, 0.26385870012965734, 1.036027443983834
1.0193882899404803, 0.2683156199475229, 1.050827836040746
1.021594374780967, 0.2721689086896264, 1.050827836040746
1.0238004596214538, 0.2760221974317299, 1.050827836040746
1.0263742252686885, 0.280517700964184, 1.065628228097658
1.028164904535074, 0.28375563133400833, 1.0804286201545699
1.030255979241104, 0.2876725243664065, 1.0804286201545699
1.0326955663981388, 0.29224223290420437, 1.0952290122114818
1.0347284426456267, 0.2961896445391681, 1.0952290122114818
1.037100131601029, 0.3007949581132924, 1.1100294042683938
1.0390743640932987, 0.30477202367975137, 1.1100294042683938
1.0410485965855683, 0.30874908924621036, 1.1100294042683938
1.0430228290778378, 0.31272615481266935, 1.1100294042683938
1.0449970615701074, 0.31670322037912835, 1.1100294042683938
1.0473003328110886, 0.32134313020666383, 1.1248297963253058
1.0495346818115963, 0.32601661992646874, 1.1100294042683938
1.050521798057731, 0.32800515270969827, 1.0656282280976581
1.0515962056175623, 0.32994791093159287, 1.1100294042683938
1.0535704381098319, 0.33392497649805186, 1.1100294042683938
1.0555446706021014, 0.33790204206451085, 1.1100294042683938
1.0578479418430826, 0.34254195189204634, 1.0952290122114818
1.0588643799668265, 0.3445156577095282, 1.0508278360407461
1.0610704648073133, 0.3483689464516317, 1.0508278360407461
1.0632765496478, 0.3522222351937352, 1.0508278360407461
1.0654826344882868, 0.3560755239358387, 1.0508278360407461
1.0676887193287736, 0.3599288126779422, 1.0508278360407461
1.0702624849760083, 0.3644243162103963, 1.0360274439838342
1.0725253562997152, 0.36824453319713824, 1.0360274439838342
1.07516537284404, 0.3727014530150038, 1.0508278360407461
1.0773714576845268, 0.3765547417571073, 1.0508278360407461
1.0795775425250136, 0.3804080304992108, 1.0508278360407461
1.0821513081722482, 0.3849035340316649, 1.0360274439838342
1.0844141794959552, 0.38872375101840684, 1.0360274439838342
1.0855456151578087, 0.3906338595117778, 0.9916262678130985
1.0879758226617056, 0.3943498702681469, 0.9916262678130985
1.0908110647495852, 0.39868521615057745, 1.0064266598700105
1.0931860096797248, 0.40243678662602517, 1.0064266598700105
1.0955609546098644, 0.4061883571014729, 1.0064266598700105
1.097935899540004, 0.4099399275769206, 1.0064266598700105
1.1003108444701435, 0.4136914980523683, 1.0064266598700105
1.1030816135553065, 0.418068330273724, 1.0212270519269224
1.1054007756856867, 0.4218546386957173, 1.0212270519269224
1.107719937816067, 0.42564094711771067, 1.0212270519269224
1.1100390999464471, 0.429427255539704, 1.0212270519269224
1.1127447890985573, 0.4338446153653629, 1.0064266598700105
1.1155155581837204, 0.43822144758671855, 1.0212270519269224
1.1178347203141006, 0.4420077560087119, 1.0212270519269224
1.1201538824444808, 0.44579406443070524, 1.0212270519269224
1.122473044574861, 0.4495803728526986, 1.0212270519269224
1.1247922067052412, 0.45336668127469193, 1.0212270519269224
1.1274978958573514, 0.4577840411003508, 1.0360274439838344
1.1297607671810583, 0.46160425808709277, 1.0360274439838344
1.1308922028429118, 0.46351436658046374, 1.08042862015457
1.1319377401959267, 0.46547281309666283, 1.0360274439838344
1.1342006115196337, 0.4692930300834048, 1.0360274439838344
1.1368406280639585, 0.47374994990127034, 1.0212270519269224
1.1391597901943387, 0.4775362583232637, 1.0212270519269224
1.1414789523247189, 0.48132256674525703, 1.0212270519269224
1.144184641476829, 0.4857399265709159, 1.0360274439838344
1.146447512800536, 0.48956014355765787, 1.0360274439838344
1.1475789484623895, 0.49147025205102884, 1.08042862015457
1.1486244858154044, 0.49342869856722793, 1.0360274439838344
1.1508873571391114, 0.4972489155539699, 1.0360274439838344
1.1535273736834362, 0.5017058353718354, 1.0508278360407464
1.155733458523923, 0.5055591241139389, 1.0508278360407464
1.1583072241711576, 0.510054627646393, 1.0656282280976583
1.1604560392908203, 0.5139401440901822, 1.0656282280976583
1.162604854410483, 0.5178256605339714, 1.0656282280976583
1.1647536695301457, 0.5217111769777606, 1.0656282280976583
1.1669024846498084, 0.5255966934215498, 1.0952290122114823
1.1689353608972963, 0.5295441050565135, 1.0952290122114823
1.1713070498526987, 0.5341494186306378, 1.1100294042683942
1.1732812823449683, 0.5381264841970969, 1.1100294042683942
1.175255514837238, 0.5421035497635559, 1.1100294042683942
1.177558786078219, 0.5467434595910914, 1.1248297963253062
1.1794739423643685, 0.5507493079223528, 1.1248297963253062
1.181389098650518, 0.5547551562536142, 1.1248297963253062
1.1836234476510257, 0.559428645973419, 1.1396301883822182
1.1854791082206546, 0.5634623995979939, 1.1396301883822182
1.1873347687902835, 0.5674961532225689, 1.1396301883822182
1.1891904293599125, 0.5715299068471438, 1.1396301883822182
1.1913553666911463, 0.5762359527424812, 1.1544305804391302
1.1931511250662485, 0.5802967280762934, 1.1544305804391302
1.1949468834413508, 0.5843575034101056, 1.1544305804391302
1.19704193487897, 0.5890950746328865, 1.1692309724960421
1.1987773977029716, 0.5931819821728187, 1.1692309724960421
1.2005128605269733, 0.5972688897127509, 1.198831756609866
1.2021266050927077, 0.6014053704548806, 1.198831756609866
1.2037403496584422, 0.6055418511970103, 1.198831756609866
1.2056230516517992, 0.6103677453961616, 1.213632148666778
1.2071754001724602, 0.6145276562754772, 1.213632148666778
1.2089864734465647, 0.6193808856346789, 1.22843254072369
1.2104770858839244, 0.6235633154326594, 1.22843254072369
1.2117192629150575, 0.6270486735976432, 1.243232932780602
1.2133859043938582, 0.6319533782572871, 1.258033324837514
1.2147520787140194, 0.636178092706854, 1.258033324837514
1.2163459487542074, 0.6411069262313487, 1.272833716894426
1.217649448298343, 0.6453513971514853, 1.272833716894426
1.2189529478424788, 0.6495958680716218, 1.272833716894426
1.2202564473866144, 0.6538403389917584, 1.272833716894426
1.22155994693075, 0.658084809911895, 1.272833716894426
1.223297946322931, 0.6637441044720771, 1.272833716894426
1.2246014458670667, 0.6679885753922137, 1.272833716894426
1.2259049454112023, 0.6722330463123503, 1.272833716894426
1.227208444955338, 0.6764775172324868, 1.272833716894426
1.2285119444994737, 0.6807219881526234, 1.272833716894426
1.229380944195564, 0.6835516354327145, 1.3320352851220736
1.2299059858771166, 0.6857087150200255, 1.287634108951338
1.2305262554969443, 0.6878403638447809, 1.3320352851220736
1.2310512971784968, 0.6899974434320919, 1.287634108951338
1.2322918364181519, 0.6942607410816025, 1.287634108951338
1.233532375657807, 0.6985240387311131, 1.287634108951338
1.234772914897462, 0.7027873363806237, 1.287634108951338
1.2362202106770597, 0.7077611836383861, 1.3024345010082499
1.2373975178750831, 0.7120423741521252, 1.3024345010082499
1.2387710429394436, 0.7170370964181542, 1.3172348930651618
1.2398848602095114, 0.7213352420115869, 1.3172348930651618
1.2409986774795791, 0.7256333876050197, 1.3172348930651618
1.242112494749647, 0.7299315331984525, 1.3468356771789858
1.2430986141875424, 0.7342607609480231, 1.3468356771789858
1.244249086865087, 0.7393115266558554, 1.3616360692358978
1.2451710263706701, 0.7436548746733981, 1.3912368533497217
1.2459640142683996, 0.7480236061423147, 1.3912368533497217
1.2468891668157507, 0.7531204595227173, 1.4060372454066337
1.2474960372063584, 0.756770450432829, 1.4208376374635456
1.2482699356457998, 0.7618924522702576, 1.4356380295204576
1.248967944457231, 0.7670253467087159, 1.4504384215773696
1.249412206090275, 0.7706986772024639, 1.4652388136342815
1.249957993611141, 0.7758499816585467, 1.4800392056911935
1.2504274828131607, 0.7810087994985541, 1.4948395977481055
1.2507082599865094, 0.7846982289251484, 1.5096399898050175
1.2510248607648706, 0.7898686820546461, 1.5244403818619294
1.2512306129049207, 0.7943040299001157, 1.5540411659757534
1.2513174028761362, 0.7994834400130618, 1.5688415580326653
1.2513246357075454, 0.8031835309580311, 1.5836419500895773
1.2512580954462074, 0.8083632407965078, 1.5984423421464893
1.2511353595223524, 0.8128016617258973, 1.6280431262603132
1.2508389751925626, 0.8179733131010624, 1.6428435183172252
1.2505193538707136, 0.8224019118257231, 1.6724443024310491
1.2500688017138026, 0.8268191108485599, 1.702045086544873
1.2493908654290136, 0.8319546949449367, 1.716845478601785
1.2488523883449012, 0.8356154008529249, 1.731645870658697
1.2481412731296764, 0.8399982035639904, 1.761246654772521
1.2471606674568674, 0.8450846791740416, 1.776047046829433
1.24625571543576, 0.8494315983466213, 1.8056478309432569
1.2452225064218496, 0.8537498298812917, 1.8352486150570808
1.2438685188586662, 0.8587498838105945, 1.8500490071139928
1.2426446565791796, 0.8630179988013482, 1.8796497912278167
1.2412950093372355, 0.8672480220608304, 1.9092505753416407
1.2398207596160669, 0.8714362474861247, 1.9388513594554646
1.237956938977154, 0.8762694652800126, 1.9536517515123766
1.2362982411946908, 0.8803881259992148, 1.9832525356262005
1.2345183722562947, 0.8844558908665074, 2.0128533197400245
1.2323023114680862, 0.8891380801194271, 2.0276537117969364
1.2303436425108203, 0.8931228336085767, 2.0572544959107604
1.228267896986549, 0.8970478718213735, 2.0868552800245843
1.2257117263036088, 0.9015534032058906, 2.1016556720814963
1.2234638075169046, 0.9053824377554643, 2.1312564561953202
1.2211035476048322, 0.9091432644732101, 2.160857240309144
1.2182212589723533, 0.9134474756502176, 2.175657632366056
1.215696394994814, 0.9170998319236898, 2.20525841647988
1.2130645402654336, 0.9206758611653048, 2.20525841647988
1.2104326855360532, 0.9242518904069197, 2.234859200593704
1.2076961459344662, 0.9277484595056782, 2.264459984707528
1.204384181246617, 0.9317315125462027, 2.27926037676444
1.2014951379238072, 0.9351031698734492, 2.27926037676444
1.1986060946009975, 0.9384748272006957, 2.308861160878264
1.1951205999513146, 0.9423069478491388, 2.323661552935176
1.1920847476178054, 0.945547047394303, 2.323661552935176
1.1890488952842961, 0.9487871469394671, 2.353262337049
1.1853967410727155, 0.9524607815473215, 2.3680627291059118
1.1822200638202278, 0.9555629366187153, 2.3680627291059118
1.17904338656774, 0.958665091690109, 2.3976635132197357
1.1757762881127822, 0.9616718693904154, 2.3976635132197357
1.1719646732486648, 0.9651797767074395, 2.4124639052766477
1.168653432754632, 0.9681378725213247, 2.4124639052766477
1.1653421922605993, 0.9710959683352098, 2.4124639052766477
1.1620309517665666, 0.974054064149095, 2.4124639052766477
1.1581678378568618, 0.9775051759319611, 2.3976635132197357
1.154900739401904, 0.9805119536322674, 2.3976635132197357
1.151633640946946, 0.9835187313325737, 2.3976635132197357
1.1478220260828287, 0.9870266386495978, 2.3828631211628237
1.1445997853170424, 0.9900814396088671, 2.3828631211628237
1.1413775445512562, 0.9931362405681363, 2.3828631211628237
1.137618263657839, 0.996700175020617, 2.3680627291059118
1.1344415864053512, 0.9998023300920108, 2.3680627291059118
1.1312649091528635, 1.0029044851634046, 2.3680627291059118
1.1280882319003758, 1.0060066402347985, 2.3680627291059118
1.12438210843914, 1.0096258211514246, 2.353262337049
1.1212516905434995, 1.0127746508153, 2.353262337049
1.1181212726478589, 1.0159234804791752, 2.353262337049
1.1149908547522183, 1.0190723101430506, 2.353262337049
1.1118604368565776, 1.0222211398069259, 2.353262337049
1.108730018960937, 1.0253699694708012, 2.353262337049
1.1050778647493564, 1.0290436040786557, 2.3680627291059118
1.1019011874968687, 1.0321457591500496, 2.3680627291059118
1.098724510244381, 1.0352479142214435, 2.3680627291059118
1.0955478329918933, 1.0383500692928374, 2.3680627291059118
1.0913122633219097, 1.0424862760546958, 2.3680627291059118
1.088135586069422, 1.0455884311260897, 2.3680627291059118
1.0849589088169342, 1.0486905861974836, 2.3680627291059118
1.0817822315644465, 1.0517927412688775, 2.3680627291059118
1.0786055543119588, 1.0548948963402713, 2.3680627291059118
1.0748994308507231, 1.0585140772568975, 2.3828631211628237
1.071677190084937, 1.0615688782161667, 2.3828631211628237
1.0700660697020437, 1.0630962786958014, 2.338461944992088
1.0664686847357565, 1.0668235622940163, 2.353262337049
1.063860003156056, 1.0694475870139124, 2.3680627291059118
1.0601538796948204, 1.0730667679305386, 2.3828631211628237
1.0569316389290342, 1.0761215688898078, 2.3828631211628237
1.053709398163248, 1.079176369849077, 2.4124639052766477
1.0498462842535432, 1.0826274816319432, 2.4272642973335596
1.0464916270397402, 1.0855362475955996, 2.4272642973335596
1.0431369698259372, 1.088445013559256, 2.4272642973335596
1.0392232030765003, 1.0918385738501886, 2.4420646893904716
1.03582586397256, 1.0946973728053941, 2.4420646893904716
1.0324285248686196, 1.0975561717605997, 2.4420646893904716
1.028464962580689, 1.1008914372083396, 2.4272642973335596
1.025110305366886, 1.103800203171996, 2.4272642973335596
1.0223147576887166, 1.1062241748083763, 2.4124639052766477
1.0184516437790119, 1.1096752865912425, 2.3976635132197357
1.015184545324054, 1.112682064291549, 2.3976635132197357
1.0113729304599366, 1.116189971608573, 2.3828631211628237
1.0081506896941503, 1.1192447725678423, 2.3828631211628237
1.004928448928364, 1.1222995735271115, 2.3828631211628237
1.0011691680349468, 1.1258635079795922, 2.3680627291059118
0.9979924907824591, 1.1289656630509861, 2.3680627291059118
0.9948158135299714, 1.13206781812238, 2.3680627291059118
0.9916391362774837, 1.1351699731937739, 2.3680627291059118
0.988462459024996, 1.1382721282651678, 2.3680627291059118
0.9863446741900042, 1.1403402316460969, 2.308861160878264
0.9828591795403213, 1.14417235229454, 2.323661552935176
0.979823327206812, 1.1474124518397042, 2.323661552935176
0.9767874748733026, 1.1506525513848684, 2.323661552935176
0.9737516225397933, 1.1538926509300327, 2.323661552935176
0.9702097948173658, 1.1576727670660576, 2.338461944992088
0.9676402341271606, 1.160335112493354, 2.353262337049
0.96398807991558, 1.1640087471012086, 2.3680627291059118
0.9608114026630923, 1.1671109021726025, 2.3680627291059118
0.9592230640368484, 1.1686619797082993, 2.4124639052766477
0.9553599501271436, 1.1721130914911655, 2.4272642973335596
0.9520052929133405, 1.175021857454822, 2.4272642973335596
0.9486506356995373, 1.1779306234184783, 2.4272642973335596
0.9452959784857342, 1.1808393893821347, 2.4272642973335596
0.9413822117362972, 1.1842329496730672, 2.4420646893904716
0.9379848726323567, 1.1870917486282728, 2.4420646893904716
0.9345875335284163, 1.1899505475834784, 2.4420646893904716
0.9311901944244758, 1.192809346538684, 2.4420646893904716
0.9277928553205353, 1.1956681454938896, 2.4420646893904716
0.9232630698486147, 1.1994798774341637, 2.4420646893904716
0.9198657307446743, 1.2023386763893693, 2.4420646893904716
0.9164683916407338, 1.2051974753445749, 2.4420646893904716
0.9130710525367933, 1.2080562742997805, 2.4420646893904716
0.9096737134328529, 1.210915073254986, 2.4420646893904716
0.9062763743289124, 1.2137738722101916, 2.4420646893904716
0.9028790352249719, 1.2166326711653972, 2.4420646893904716
0.8989154729370414, 1.219967936613137, 2.4272642973335596
0.8950017061876044, 1.2233614969040696, 2.4420646893904716
0.891604367083664, 1.2262202958592752, 2.4420646893904716
0.8882070279797235, 1.2290790948144807, 2.4420646893904716
0.884809688875783, 1.2319378937696863, 2.4420646893904716
0.8808461265878526, 1.2352731592174262, 2.4272642973335596
0.8774914693740494, 1.2381819251810826, 2.4272642973335596
0.8741368121602463, 1.241090691144739, 2.4272642973335596
0.8707821549464432, 1.2439994571083954, 2.4272642973335596
0.8668683881970062, 1.247393017399328, 2.4420646893904716
0.8634710490930657, 1.2502518163545335, 2.4420646893904716
0.8600737099891252, 1.253110615309739, 2.4420646893904716
0.8583750404371551, 1.2545400147873418, 2.4864658655612075
0.8548541573171946, 1.2572451999028236, 2.4864658655612075
0.8507464603439073, 1.260401249204219, 2.5012662576181195
0.8465925041995296, 1.2634961595369714, 2.4864658655612075
0.8430716210795691, 1.2662013446524532, 2.4864658655612075
0.8395507379596087, 1.268906529767935, 2.4864658655612075
0.8360298548396482, 1.2716117148834167, 2.4864658655612075
0.8325089717196877, 1.2743168999988985, 2.4864658655612075
0.8289880885997273, 1.2770220851143803, 2.4864658655612075
0.82488039162644, 1.2801781344157757, 2.5012662576181195
0.8213198577884019, 1.282830914700992, 2.5012662576181195
0.8177593239503638, 1.2854836949862083, 2.5012662576181195
0.813605367805986, 1.2885786053189607, 2.4864658655612075
0.8100844846860256, 1.2912837904344425, 2.4864658655612075
0.8059767877127383, 1.2944398397358379, 2.5012662576181195
0.8024162538747002, 1.2970926200210542, 2.5012662576181195
0.798855720036662, 1.2997454003062705, 2.5012662576181195
0.7952951861986239, 1.3023981805914868, 2.5012662576181195
0.7935149192796049, 1.303724570734095, 2.5456674337888554
0.7892276846399537, 1.3066320508736258, 2.5604678258457674
0.7855164314739346, 1.3090695176715863, 2.5604678258457674
0.7818051783079154, 1.3115069844695468, 2.5604678258457674
0.7780939251418962, 1.3139444512675074, 2.5604678258457674
0.7737641297815405, 1.3167881625317948, 2.5456674337888554
0.7700893572332681, 1.3192802883656785, 2.5456674337888554
0.7664145846849957, 1.3217724141995622, 2.5456674337888554
0.7645771984108595, 1.3230184771165039, 2.5012662576181195
0.7604232422664817, 1.3261133874492563, 2.4864658655612075
0.7569023591465213, 1.3288185725647381, 2.4864658655612075
0.752794662173234, 1.3319746218661335, 2.4716654735042956
0.7498942778725148, 1.3342721196839857, 2.4568650814473836
0.7458817882549229, 1.3375483597066198, 2.4420646893904716
0.7424844491509824, 1.3404071586618254, 2.4420646893904716
0.739087110047042, 1.343265957617031, 2.4420646893904716
0.7356897709431015, 1.3461247565722365, 2.4420646893904716
0.731726208655171, 1.3494600220199764, 2.4568650814473836
0.7277137190375791, 1.3527362620426104, 2.4420646893904716
0.7243163799336386, 1.355595060997816, 2.4420646893904716
0.7209190408296982, 1.3584538599530216, 2.4420646893904716
0.7169554785417677, 1.3617891254007615, 2.4568650814473836
0.7135162017266888, 1.3645973311344477, 2.4568650814473836
0.7106501377141232, 1.3669375025791863, 2.4716654735042956
0.7065895996931165, 1.3701539995241796, 2.4864658655612075
0.7030687165731561, 1.3728591846396614, 2.4864658655612075
0.6989610195998688, 1.3760152339410567, 2.5012662576181195
0.6954004857618307, 1.378668014226273, 2.5012662576181195
0.6912465296174529, 1.3817629245590255, 2.5160666496750315
0.6882470257593688, 1.3839294198671748, 2.5308670417319434
0.6840032909489081, 1.386900032005384, 2.5456674337888554
0.6803285184006356, 1.3893921578392676, 2.5456674337888554
0.6784911321264994, 1.3906382207562094, 2.5012662576181195
0.6767108652074804, 1.3919646108988175, 2.5456674337888554
0.6724236305678292, 1.3948720910383483, 2.5604678258457674
0.66871237740181, 1.3973095578363088, 2.5604678258457674
0.6650011242357908, 1.3997470246342694, 2.5604678258457674
0.6612898710697717, 1.40218449143223, 2.5604678258457674
0.6575786179037525, 1.4046219582301904, 2.5604678258457674
0.6532488225433968, 1.4074656694944778, 2.5456674337888554
0.6495740499951244, 1.4099577953283615, 2.5456674337888554
0.6452868153554732, 1.4128652754678923, 2.5308670417319434
0.6422555762051441, 1.4149871412808988, 2.5160666496750315
0.6380562708038263, 1.4180202347123076, 2.5012662576181195
0.6344957369657882, 1.420673014997524, 2.5012662576181195
0.6303417808214105, 1.4237679253302764, 2.4864658655612075
0.6274077115547767, 1.4260222462598446, 2.4716654735042956
0.62334717353377, 1.429238743204838, 2.4568650814473836
0.6199078967186912, 1.4320469489385241, 2.4568650814473836
0.6158954071010992, 1.4353231889611582, 2.4420646893904716
0.6124980679971588, 1.4381819879163638, 2.4420646893904716
0.6091007288932183, 1.4410407868715693, 2.4420646893904716
0.6057033897892778, 1.443899585826775, 2.4420646893904716
0.6017398275013474, 1.4472348512745148, 2.4568650814473836
0.5983005506862685, 1.450043057008201, 2.4568650814473836
0.5948612738711897, 1.4528512627418873, 2.4568650814473836
0.5908487842535978, 1.4561275027645213, 2.4716654735042956
0.5873683230927348, 1.458884500145944, 2.4716654735042956
0.5838878619318718, 1.4616414975273668, 2.4716654735042956
0.5798273239108651, 1.46485799447236, 2.4864658655612075
0.5763064407909047, 1.4675631795878419, 2.4864658655612075
0.5727855576709442, 1.4702683647033237, 2.4864658655612075
0.5692646745509837, 1.4729735498188055, 2.5160666496750315
0.5656652699212829, 1.4755733441885845, 2.5160666496750315
0.5614659645199651, 1.4786064376199934, 2.5308670417319434
0.5578284775395702, 1.4811526765956013, 2.5308670417319434
0.5541909905591753, 1.4836989155712093, 2.5308670417319434
0.5505535035787804, 1.4862451545468172, 2.5308670417319434
0.5463097687683197, 1.4892157666850263, 2.5160666496750315
0.5427103641386188, 1.4918155610548054, 2.5160666496750315
0.539110959508918, 1.4944153554245845, 2.5160666496750315
0.5349116541076002, 1.4974484488559934, 2.5012662576181195
0.5313511202695621, 1.5001012291412097, 2.5012662576181195
0.527790586431524, 1.502754009426426, 2.5012662576181195
0.5242300525934859, 1.5054067897116423, 2.5012662576181195
0.5200760964491081, 1.5085017000443948, 2.4864658655612075
0.5165552133291477, 1.5112068851598766, 2.4864658655612075
0.5130343302091872, 1.5139120702753583, 2.4864658655612075
0.5095134470892267, 1.5166172553908401, 2.4864658655612075
0.5054057501159395, 1.5197733046922355, 2.4716654735042956
0.5019252889550765, 1.5225303020736582, 2.4716654735042956
0.49844482779421356, 1.525287299455081, 2.4716654735042956
0.49496436663335064, 1.5280442968365038, 2.4716654735042956
0.4909038286123439, 1.531260793781497, 2.4568650814473836
0.4874645517972651, 1.5340689995151833, 2.4568650814473836
0.4834520621796732, 1.5373452395378173, 2.4716654735042956
0.47997160101881026, 1.54010223691924, 2.4716654735042956
0.47649113985794733, 1.5428592343006629, 2.4716654735042956
0.4730106786970844, 1.5456162316820856, 2.4716654735042956
0.46895014067607765, 1.5488327286270789, 2.4568650814473836
0.4655108638609989, 1.5516409343607651, 2.4568650814473836
0.4620715870459201, 1.5544491400944513, 2.4568650814473836
0.45863231023084133, 1.5572573458281376, 2.4568650814473836
0.4546198206132494, 1.5605335858507716, 2.4420646893904716
0.451222481509309, 1.5633923848059772, 2.4420646893904716
0.44952381195733876, 1.5648217842835799, 2.4864658655612075
0.4454161149840515, 1.5679778335849752, 2.5012662576181195
0.44185558114601337, 1.5706306138701915, 2.5012662576181195
0.43829504730797525, 1.5732833941554079, 2.5012662576181195
0.43473451346993713, 1.5759361744406242, 2.5012662576181195
0.43058055732555933, 1.5790310847733766, 2.5160666496750315
0.42698115269585846, 1.5816308791431557, 2.5160666496750315
0.4233817480661576, 1.5842306735129348, 2.5456674337888554
0.4197069755178851, 1.5867227993468185, 2.5456674337888554
0.41786958924374884, 1.5879688622637602, 2.5012662576181195
0.4154959000183901, 1.5897373824539045, 2.560467825845767
0.41178464685237093, 1.592174849251865, 2.560467825845767
0.40807339368635176, 1.5946123160498256, 2.560467825845767
0.4037435983259961, 1.597456027314113, 2.575268217902679
0.40062116429046035, 1.5994412555147544, 2.590068609959591
0.3962091018976983, 1.602155574408983, 2.604869002016503
0.392393315597069, 1.6044259090454138, 2.604869002016503
0.3879415649130015, 1.6070746327879164, 2.619669394073415
0.38409259591582345, 1.609288245697214, 2.619669394073415
0.3802436269186454, 1.6115018586065115, 2.619669394073415
0.3757531630886043, 1.6140844070006921, 2.634469786130327
0.37187185450232346, 1.6162408132962471, 2.634469786130327
0.36799054591604263, 1.6183972195918022, 2.634469786130327
0.3634623525653816, 1.6209130269366165, 2.619669394073415
0.36025487840106657, 1.6227577043610313, 2.604869002016503
0.3564390921004373, 1.625028038997462, 2.604869002016503
0.3519873414163698, 1.6276767627399646, 2.590068609959591
0.3482055736511452, 1.6300033217921606, 2.590068609959591
0.34379351125838314, 1.6327176406863892, 2.575268217902679
0.3400465904157402, 1.6350999145271587, 2.545667433788855
0.3363718178674677, 1.6375920403610424, 2.545667433788855
0.33208458322781653, 1.6404995205005732, 2.530867041731943
0.32905334407748743, 1.6426213863135797, 2.516066649675031
0.32485403867616974, 1.6456544797449886, 2.501266257618119
0.3212935048381316, 1.648307260030205, 2.501266257618119
0.3177329710000935, 1.6509600403154212, 2.501266257618119
0.3135790148557157, 1.6540549506481736, 2.486465865561207
0.3100581317357552, 1.6567601357636554, 2.486465865561207
0.30595043476246797, 1.6599161850650508, 2.501266257618119
0.30238990092442986, 1.662568965350267, 2.501266257618119
0.29882936708639174, 1.6652217456354834, 2.501266257618119
0.29467541094201394, 1.6683166559682359, 2.516066649675031
0.2916759070839299, 1.6704831512763851, 2.530867041731943
0.2874321722734691, 1.6734537634145943, 2.545667433788855
0.28375739972519665, 1.675945889248478, 2.545667433788855
0.27947016508554545, 1.6788533693880088, 2.560467825845767
0.27637745411386283, 1.6808845917196427, 2.575268217902679
0.27200604646411275, 1.6836639112005405, 2.590068609959591
0.26822427869888815, 1.6859904702527364, 2.590068609959591
0.2638122163061261, 1.688704789146965, 2.604869002016503
0.2599964300054968, 1.6909751237833959, 2.604869002016503
0.25618064370486754, 1.6932454584198267, 2.604869002016503
0.25172889302080004, 1.6958941821623292, 2.619669394073415
0.24787992402362194, 1.6981077950716268, 2.619669394073415
0.2459554395250329, 1.6992146015262757, 2.575268217902679
0.24408197910371143, 1.7004057384466604, 2.619669394073415
0.24023301010653333, 1.702619351355958, 2.619669394073415
0.23574254627649222, 1.7052018997501386, 2.604869002016503
0.23192675997586296, 1.7074722343865694, 2.604869002016503
0.2281109736752337, 1.7097425690230001, 2.604869002016503
0.22365922299116622, 1.7123912927655027, 2.590068609959591
0.22050774985347904, 1.714330091975666, 2.575268217902679
0.21676082901083613, 1.7167123658164356, 2.575268217902679
0.21238942136108604, 1.7194916852973334, 2.560467825845767
0.20805962600073039, 1.7223353965616208, 2.575268217902679
0.20431270515808747, 1.7247176704023903, 2.575268217902679
0.20056578431544456, 1.7270999442431598, 2.575268217902679
0.19681886347280164, 1.7294822180839293, 2.575268217902679
0.19307194263015873, 1.7318644919246988, 2.575268217902679
0.18870053498040865, 1.7346438114055966, 2.560467825845767
0.18684490839739906, 1.735862544804577, 2.516066649675031
0.18504520608254862, 1.7371624419894665, 2.560467825845767
0.18133395291652948, 1.739599908787427, 2.560467825845767
0.17700415755617382, 1.7424436200517144, 2.545667433788855
0.17332938500790135, 1.744935745885598, 2.545667433788855
0.16965461245962887, 1.7474278717194818, 2.545667433788855
0.16536737781997765, 1.7503353518590126, 2.530867041731943
0.16233613866964855, 1.752457217672019, 2.516066649675031
0.15873673403994767, 1.755057012041798, 2.516066649675031
0.15453742863863, 1.758090105473207, 2.501266257618119
0.15097689480059187, 1.7607428857584233, 2.501266257618119
0.14682293865621407, 1.7638377960911757, 2.516066649675031
0.1432235340265132, 1.7664375904609548, 2.516066649675031
0.13962412939681232, 1.769037384830734, 2.516066649675031
0.13542482399549463, 1.7720704782621428, 2.530867041731943
0.13239358484516553, 1.7741923440751493, 2.545667433788855
0.1281063502055143, 1.77709982421468, 2.560467825845767
0.12439509703949517, 1.7795372910126406, 2.560467825845767
0.12006530167913951, 1.782381002276928, 2.575268217902679
0.1163183808364966, 1.7847632761176975, 2.575268217902679
0.11257145999385368, 1.787145549958467, 2.575268217902679
0.1082000523441036, 1.7899248694393648, 2.590068609959591
0.10441828457887897, 1.7922514284915607, 2.590068609959591
0.10063651681365435, 1.7945779875437566, 2.590068609959591
0.09685474904842972, 1.7969045465959526, 2.590068609959591
0.0930729812832051, 1.7992311056481485, 2.590068609959591
0.08866091889044303, 1.8019454245423772, 2.575268217902679
0.08491399804780012, 1.8043276983831467, 2.575268217902679
0.08054259039805003, 1.8071070178640445, 2.560467825845767
0.0768313372320309, 1.809544484662005, 2.560467825845767
0.07312008406601175, 1.8119819514599655, 2.530867041731943
0.06948259708561683, 1.8145281904355735, 2.530867041731943
0.06523886227515609, 1.8174988025737826, 2.516066649675031
0.06163945764545521, 1.8200985969435617, 2.516066649675031
0.058040053015754337, 1.8226983913133408, 2.516066649675031
0.05444064838605346, 1.8252981856831199, 2.516066649675031
0.050841243756352586, 1.827897980052899, 2.516066649675031
0.04724183912665171, 1.830497774422678, 2.516066649675031
0.04304253372533402, 1.833530867854087, 2.530867041731943
0.0394050467449391, 1.8360771068296948, 2.530867041731943
0.03576755976454418, 1.8386233458053027, 2.530867041731943
0.03213007278414926, 1.8411695847809106, 2.530867041731943
0.02788633797368852, 1.8441401969191198, 2.545667433788855
0.02604895169955228, 1.8453862598360615, 2.590068609959591
0.02415806781693997, 1.8465495393621596, 2.545667433788855
0.020483295268667493, 1.8490416651960433, 2.545667433788855
0.01619606062901627, 1.851949145335574, 2.560467825845767
0.01248480746299713, 1.8543866121335346, 2.560467825845767
0.008155012102641466, 1.857230323397822, 2.575268217902679
0.004408091259998545, 1.8596125972385915, 2.575268217902679
0.0006611704173556236, 1.861994871079361, 2.575268217902679
-0.0030857504252872975, 1.8643771449201305, 2.575268217902679
-0.006832671267930218, 1.8667594187609, 2.575268217902679
-0.011204078917680292, 1.8695387382417978, 2.590068609959591
-0.015616141310442352, 1.8722530571360265, 2.575268217902679
-0.019363062153085274, 1.874635330976796, 2.575268217902679
-0.023109982995728195, 1.8770176048175655, 2.575268217902679
-0.026232417031263965, 1.879002833018207, 2.560467825845767
-0.03056221239161963, 1.8818465442824943, 2.545667433788855
-0.03423698493989211, 1.884338670116378, 2.545667433788855
-0.03791175748816458, 1.8868307959502617, 2.545667433788855
-0.04281145421919455, 1.8901536303954398, 2.545667433788855
-0.046486226767467026, 1.8926457562293235, 2.545667433788855
-0.0501609993157395, 1.8951378820632072, 2.545667433788855
-0.05383577186401198, 1.897630007897091, 2.545667433788855
-0.05751054441228445, 1.9001221337309746, 2.545667433788855
-0.06118531696055693, 1.9026142595648583, 2.545667433788855
-0.0648600895088294, 1.905106385398742, 2.545667433788855
-0.06914732414848063, 1.9080138655382728, 2.530867041731943
-0.07339105895894137, 1.910984477676482, 2.545667433788855
-0.0752284452330776, 1.9122305405934237, 2.501266257618119
-0.07878897907111572, 1.91488332087864, 2.501266257618119
-0.08234951290915384, 1.9175361011638563, 2.501266257618119
-0.08650346905353164, 1.9206310114966088, 2.516066649675031
-0.09010287368323251, 1.9232308058663878, 2.516066649675031
-0.09370227831293339, 1.925830600236167, 2.516066649675031
-0.09730168294263426, 1.928430394605946, 2.516066649675031
-0.10090108757233514, 1.931030188975725, 2.516066649675031
-0.10510039297365283, 1.934063282407134, 2.501266257618119
-0.10866092681169094, 1.9367160626923503, 2.501266257618119
-0.11222146064972906, 1.9393688429775666, 2.501266257618119
-0.11637541679410686, 1.942463753310319, 2.516066649675031
-0.11997482142380773, 1.9450635476800981, 2.516066649675031
-0.12357422605350861, 1.9476633420498772, 2.516066649675031
-0.1271736306832095, 1.9502631364196563, 2.516066649675031
-0.13077303531291037, 1.9528629307894354, 2.516066649675031
-0.13497234071422806, 1.9558960242208443, 2.501266257618119
-0.13912629685860586, 1.9589909345535967, 2.516066649675031
-0.14272570148830674, 1.9615907289233758, 2.516066649675031
-0.14632510611800761, 1.964190523293155, 2.516066649675031
-0.1499245107477085, 1.966790317662934, 2.545667433788855
-0.15359928329598097, 1.9692824434968177, 2.545667433788855
-0.15727405584425344, 1.9717745693307014, 2.545667433788855
-0.16156129048390466, 1.9746820494702322, 2.560467825845767
-0.1652725436499238, 1.9771195162681927, 2.560467825845767
-0.16898379681594294, 1.9795569830661532, 2.560467825845767
-0.1733135921762986, 1.9824006943304406, 2.575268217902679
-0.17706051301894152, 1.9847829681712101, 2.575268217902679
-0.18080743386158443, 1.9871652420119796, 2.575268217902679
-0.18455435470422735, 1.9895475158527491, 2.575268217902679
-0.18830127554687026, 1.9919297896935186, 2.575268217902679
-0.19267268319662034, 1.9947091091744165, 2.560467825845767
-0.19638393636263948, 1.997146575972377, 2.560467825845767
-0.20009518952865862, 1.9995840427703375, 2.560467825845767
-0.20442498488901428, 2.002427754034625, 2.545667433788855
-0.20809975743728676, 2.0049198798685084, 2.545667433788855
-0.21177452998555923, 2.007412005702392, 2.545667433788855
-0.21606176462521046, 2.0103194858419227, 2.530867041731943
-0.2178805081154079, 2.0115926053297266, 2.486465865561207
-0.2214013912353684, 2.0142977904452084, 2.486465865561207
-0.22550908820865564, 2.017453839746604, 2.471665473504295
-0.22898954936951857, 2.0202108371280265, 2.471665473504295
-0.2324700105303815, 2.022967834509449, 2.442064689390471
-0.23586734963432193, 2.0258266334646544, 2.442064689390471
-0.23756601918629214, 2.0272560329422573, 2.486465865561207
-0.2416737161595794, 2.030412082243653, 2.471665473504295
-0.2451541773204423, 2.0331690796250754, 2.471665473504295
-0.24921471534144907, 2.0363855765700687, 2.456865081447383
-0.25265399215652784, 2.039193782303755, 2.456865081447383
-0.2560932689716066, 2.0420019880374416, 2.456865081447383
-0.26010575858919854, 2.0452782280600754, 2.442064689390471
-0.26350309769313895, 2.0481370270152808, 2.442064689390471
-0.26690043679707937, 2.050995825970486, 2.442064689390471
-0.2702977759010198, 2.0538546249256915, 2.442064689390471
-0.27426133818895027, 2.057189890373431, 2.456865081447383
-0.27770061500402904, 2.0599980961071176, 2.456865081447383
-0.2811398918191078, 2.062806301840804, 2.456865081447383
-0.2845791686341866, 2.0656145075744905, 2.486465865561207
