0.0, 0.0, 0.0
0.004421500771718968, 0.0, -0.01768600308687587
0.007958148194701906, -6.255567973788305e-05, -0.01768600308687587
0.012378957473430577, -0.00014075027941023684, 0.03537200617375175
0.022100174508735047, 0.00020325215106586133, 0.017686003086875884
0.036246764200666796, 0.0004534748700173937, 0.017686003086875884
0.05304583945983575, 0.0007506143487723384, 3.469446951953614e-18
0.06631034177499265, 0.0007506143487723384, 0.017686003086875884
0.08753022631289027, 0.0011259484271996369, 0.08843001543437934
0.10250458879375994, 0.002453594008882819, 0.0353720061737517
0.1192957818547404, 0.003047780025159715, -0.017686003086875908
0.13609485711390934, 0.00275064054640477, 0.07074401234750347
0.14844409249946544, 0.00362573536111399, 0.07074401234750347
0.14844409249946544, 0.00362573536111399, 0.07074401234750347
0.16873212206145044, 0.00506339112813628, 0.08843001543437934
0.18987239850503115, 0.0069377143022772425, 0.08843001543437934
0.21189351980042773, 0.008890134275340746, 0.10611601852125521
0.2189281273634864, 0.009639433457239955, -0.03537200617375175
0.24544053745977132, 0.00870124501048696, 0.10611601852125521
0.257751100695124, 0.010012518578810576, 0.10611601852125521
0.2639063823128004, 0.010668155362972383, 0.12380202160813109
0.2639063823128004, 0.010668155362972383, 0.12380202160813109
0.28408961825802265, 0.013179725467890506, 0.10611601852125521
0.29112422582108133, 0.013929024649789715, 0.10611601852125521
0.3043141150018164, 0.015333960615850732, 0.12380202160813109
0.3174770949660918, 0.0169719411190582, 0.14148802469500696
0.32097894924467846, 0.0174707445062796, 0.21223203704251042
0.3434548904877702, 0.022313792823865048, 0.14148802469500693
0.3530849897538836, 0.0236855021387239, 0.19454603395563452
0.35655546296299334, 0.024369317839341063, 0.265290046303138
0.3813030257781723, 0.031093081842383345, 0.10611601852125521
0.40152752252196605, 0.03324731699034357, 0.08843001543437934
0.40152752252196605, 0.03324731699034357, 0.08843001543437934
0.41121681589194053, 0.03410638177849151, 0.14148802469500693
0.4287260872848739, 0.03660039871459852, 0.07074401234750345
0.4490141168468589, 0.03803805448162081, 0.08843001543437934
0.4639884793277286, 0.03936570006330399, 0.10611601852125521
0.47014376094540494, 0.0400213368474658, 0.12380202160813109
0.47628648492873343, 0.040785727748962615, 0.10611601852125521
0.4921143519456155, 0.04247165090823583, 0.141488024695007
0.5043708419206688, 0.04421746276351074, 2.7755575615628914e-17
0.5388585479400768, 0.04421746276351074, 0.22991804012938635
0.5698556230313493, 0.0514725424045844, 0.3360340586506416
0.5815433984818306, 0.05555485921758764, 0.37140606482439337
0.6046155881588456, 0.06454105338855046, 0.44215007717189686
0.6269948777423107, 0.07513562841116549, 0.4775220833456486
0.6482001161089431, 0.08610860503654927, 0.49520808643252445
0.6653176349470256, 0.09535371953592477, 0.49520808643252445
0.6730983253279721, 0.09955604430836817, 0.49520808643252445
0.6855474299374865, 0.10627976394427763, 0.5305800926062763
0.7183444316820418, 0.12552165058004483, 0.4067780709981452
0.7345872631304203, 0.13251915954599458, 0.6543821142144074
0.75703926677222, 0.14974303767353625, 0.5482660956931522
0.763076769691029, 0.15343027394690015, 0.5482660956931522
0.7917549085553716, 0.17094464624537864, 0.583638101866904
0.8079890621126162, 0.1816653669095163, 0.583638101866904
0.8249611317406448, 0.19287339305838747, 0.6013241049537799
0.8307945927699304, 0.19687562809022194, 0.6013241049537799
0.8519408890010908, 0.2113837300806219, 0.6190101080406557
0.8699464167015267, 0.22421114989470067, 0.6366961111275315
0.8912774460584424, 0.23998376138581445, 0.6366961111275315
0.9026539950487974, 0.2483958208477418, 0.6366961111275315
0.9254070930295074, 0.2652199397715965, 0.6366961111275315
0.9360726077079652, 0.2731062455171534, 0.6543821142144074
0.9522099853255087, 0.285485907921324, 0.707440123475035
0.9790937005532054, 0.3084738324973278, 0.7781841358225385
0.9891703280504487, 0.3184061126787741, 0.8135561419962903
0.9982819588981499, 0.32804588471778123, 0.8312421450831662
1.0203332822908355, 0.35221774883994794, 0.9196721605175455
1.0294445594662516, 0.3641751232478931, 0.9373581636044214
1.0435772887378671, 0.38341919541420294, 1.0965321913863042
1.0512503563695166, 0.39836647792819824, 1.0788461882994282
1.0570980911728063, 0.4092785539549218, 1.0788461882994282
1.0671227794070173, 0.4279849700007336, 1.11421819447318
1.0823276965004425, 0.45893997545483056, 1.2026482099075593
1.090920425884473, 0.48121627119581367, 1.2910782253419386
1.0962915445661452, 0.499914738442785, 1.361822237689442
1.1061980466468948, 0.5466280622096911, 1.3971942438631937
1.1097112139699146, 0.566661250996624, 1.4502522531238213
1.1130077283075201, 0.5938756272055047, 1.503310262384449
1.1139618506797626, 0.6079922224685181, 1.5386822685582007
1.1145013288066115, 0.6247852622405102, 1.5917402778188283
1.113760553401204, 0.6601495107487803, 1.6978562963400836
1.1114073549482493, 0.6785701138744075, 1.644798287079456
1.1108843130823856, 0.685625153210711, 1.644798287079456
1.1097074688841924, 0.7014989917173942, 1.6801702932532077
1.1073908282343652, 0.7225953788860945, 1.7155422994269593
1.105477542314022, 0.7357211687158844, 1.7332283025138353
1.1030464093142318, 0.7505563892008106, 1.7509143056007113
1.0990859462787175, 0.772306250336048, 1.7686003086875872
1.0963054715884615, 0.7861791581717469, 1.803972314861339
1.0916057871505997, 0.8059676387550799, 1.8216583179482149
1.088752055229179, 0.8171037052537593, 1.7332283025138355
1.0810296327592572, 0.8642273467941128, 1.8039723148613391
1.0742866072614554, 0.8926195145875907, 1.821658317948215
1.0707743218197068, 0.9063254425859654, 1.821658317948215
1.0659449293373024, 0.9251710935837305, 1.821658317948215
1.0637497509362095, 0.9337372985827147, 1.7155422994269598
1.0603058362795916, 0.9573637202763368, 1.7686003086875874
1.0571778022530536, 0.972970741591498, 1.697856296340084
1.054152261384969, 0.9966543741815901, 1.7509143056007117
1.0511423094779782, 1.0131842686443706, 1.8039723148613394
1.0454209545101465, 1.037274592832776, 1.733228302513836
1.0418457589222199, 1.0590910935459026, 1.750914305600712
1.037726877365285, 1.0817109491265495, 1.6801702932532085
1.0340588630030587, 1.1151135621436583, 1.7862863117744638
1.0270626640230838, 1.147075931867161, 1.8039723148613396
1.025632325281126, 1.1530985129142624, 1.7862863117744636
1.0250650659043712, 1.1556900564053572, 1.733228302513836
1.020202799904791, 1.1853604973752094, 1.8393443210350913
1.0164486733128502, 1.1990021668057678, 1.8393443210350913
1.0126945467209094, 1.212643836236326, 1.8393443210350913
1.0087057872169722, 1.2271381100062944, 1.7862863117744636
1.0017095882369973, 1.259100479729797, 1.8393443210350913
1.000771056589012, 1.2625108970874368, 1.9100883333825946
0.9881156244816287, 1.298368024174133, 2.0338903549907257
0.9742894645611491, 1.3260586559201692, 1.839344321035091
0.9663119455532748, 1.3550472034601058, 2.0515763580776016
0.9556789048271347, 1.3754325289832763, 2.0162043519038497
0.9484402921371036, 1.3905949729735034, 1.9985183488169738
0.9341348220759775, 1.4219757854679456, 2.1576923765988565
0.9140568356320011, 1.452165091669185, 2.352238410554491
0.8959951706542353, 1.4703702317645204, 2.2991804012938637
0.8865768134556, 1.4809287903309092, 2.2991804012938637
0.8801016928815383, 1.4881877993453014, 2.422982422901995
0.8801016928815383, 1.4881877993453014, 2.422982422901995
0.84149505740665, 1.5219536277513757, 2.4937264352494983
0.8259824756897787, 1.5336942155456925, 2.7413304784657604
0.7934063129765093, 1.5474772646871027, 2.5644704475970017
0.7815491031308412, 1.5551970565234634, 2.5644704475970017
0.7437542467477742, 1.5798038930018632, 2.5821564506838777
0.7370088139089386, 1.584027642949188, 2.5998424537707536
0.7165515881325257, 1.596339030512732, 2.546784444510126
0.6945787812953153, 1.6112045559447459, 2.688272469205133
0.6778841162651335, 1.619337471904036, 2.5998424537707536
0.667276665862549, 1.6257211543443923, 2.8474464969870157
0.6342702054435603, 1.635719926123508, 2.7943884877263883
0.6001773953752491, 1.6480568645687932, 3.0596785340295263
0.5728560097577107, 1.6502998909070914, 3.006620524768899
0.5658459496220163, 1.6512518413911954, 3.0419925309426508
0.5535271036583349, 1.652482873342727, 3.112736543290154
0.5217055512072684, 1.6534013745220015, 3.289596574158913
0.5042129021473752, 1.6507933227478981, 3.2188525618114094
0.4865796575116334, 1.6494282627473618, 3.360340586506416
0.4831267486593034, 1.648660663460585, 3.289596574158913
0.46388483469342096, 1.6457918065090713, 3.360340586506416
0.46388483469342096, 1.6457918065090713, 3.360340586506416
0.44662029043177076, 1.6419538100751876, 3.4664566050276715
0.4306974146989083, 1.636591044946182, 3.413398595767044
0.4247345669402955, 1.6349291791293195, 3.43108459885392
0.40778449557574814, 1.6298804381054866, 3.5372006173751753
0.40125650380001876, 1.6271541812932535, 3.5372006173751753
0.38575252333266147, 1.6206793213642001, 3.484142608114548
0.37242574896128533, 1.6159268802887756, 3.484142608114548
0.3590989745899092, 1.6111744392133511, 3.448770601940796
0.354041534662019, 1.609570124766994, 3.448770601940796
0.3464553747701837, 1.6071636530974582, 3.43108459885392
0.32611528913272686, 1.6011051638688587, 3.395712592680168
0.31413267825063856, 1.5979928589366483, 3.395712592680168
0.2987264642593822, 1.5939913240238064, 3.395712592680168
0.28588795260000194, 1.590656711596438, 3.378026589593292
0.27815066658380955, 1.5887924871184305, 3.360340586506416
0.25829644068291185, 1.5843787912194642, 3.378026589593292
0.25829644068291185, 1.5843787912194642, 3.378026589593292
0.23078609040311665, 1.5777504375198819, 3.378026589593292
0.21789061370946264, 1.5746433967232025, 3.395712592680168
0.2110434074911265, 1.5728649367619394, 3.395712592680168
0.20419620127279034, 1.5710864768006763, 3.395712592680168
0.18365458261778186, 1.565751096916887, 3.395712592680168
0.17595147562215369, 1.563750329460466, 3.413398595767044
0.16402578010492808, 1.5604265978267406, 3.413398595767044
0.14358173064682703, 1.5547287721689258, 3.413398595767044
0.1367670474941267, 1.552829496949654, 3.413398595767044
0.12995236434142635, 1.5509302217303824, 3.413398595767044
0.11632299803602564, 1.5471316712918393, 3.413398595767044
0.10950831488332528, 1.5452323960725676, 3.413398595767044
0.09673078397201212, 1.5416712550364333, 3.43108459885392
0.08486573401682897, 1.5381371363197502, 3.5018286112014234
0.07824541259298089, 1.535643444864262, 3.3603405865064166
0.06098086833133069, 1.5318054484303782, 3.43108459885392
0.0474208112396928, 1.5277664556113117, 3.43108459885392
0.044030796966783324, 1.5267567074065451, 3.5018286112014234
0.030790154119087164, 1.5217693244955686, 3.3603405865064166
0.02129465477517956, 1.5196584264569326, 3.448770601940796
0.011179774919399161, 1.5164497975642182, 3.3780265895932926
-0.006014194005472848, 1.5123070765019793, 3.484142608114548
-0.020173891775059995, 1.5072576078593407, 3.501828611201424
-0.040034856046604235, 1.4997765334928759, 3.5372006173751758
-0.04574684885036745, 1.497391058782172, 3.5548866204620517
-0.05951420698432874, 1.4913533419529152, 3.5725726235489277
-0.06594170227845493, 1.4883979304630846, 3.6079446297226796
-0.07305052969657794, 1.484819453057803, 3.5902586266358036
-0.08420542062074629, 1.479449367954892, 3.6256306328095556
-0.09046713616051157, 1.476157245337294, 3.6256306328095556
-0.11003499722227804, 1.4658693621573007, 3.6433166358964315
-0.12321534115978235, 1.4586393754223106, 3.6610026389833075
-0.12858904339688357, 1.4555668071720314, 3.6786886420701834
-0.14150545690094343, 1.4478752249751632, 3.6963746451570594
-0.15503549276929904, 1.4394906056871999, 3.6963746451570594
-0.17082053461571392, 1.4297085498512427, 3.7848046605914387
-0.17931165644248684, 1.4233440432724942, 3.7140606482439353
-0.19194798045501385, 1.4152004881551346, 3.7671186575045628
-0.20413464392873898, 1.4063982493559872, 3.7848046605914387
-0.21545613969776956, 1.3979122405843225, 3.8201766667651906
-0.22715884336602077, 1.3884760919339387, 3.873234676025818
-0.23834465006311967, 1.3784325913970652, 3.9262926852864455
-0.2489820774257703, 1.3678100063254655, 3.9439786883733214
-0.2582008148924148, 1.3582726114405985, 3.997036697633949
-0.26748077931208136, 1.3475922148332309, 4.067780709981452
-0.2839530328638191, 1.3256797950183452, 4.12083871924208
-0.28740493362498615, 1.3205415333939527, 4.138524722328956
-0.2912454940062743, 1.3146003846171659, 3.9970366976339493
-0.3045854428595449, 1.2992473144940748, 4.191582731589584
-0.3076655112160864, 1.2938779076083302, 4.20926873467646
-0.3110765149399717, 1.287680149430902, 4.20926873467646
-0.3174721469222566, 1.2760593528482242, 4.226954737763336
-0.3211856171334117, 1.2690201009851614, 4.244640740850212
-0.3303559719463134, 1.2508658841136486, 4.262326743937088
-0.33497224768560085, 1.24131098525668, 4.262326743937088
-0.3411272820046508, 1.2285711201140552, 4.29769875011084
-0.3439776037909524, 1.2220963368323714, 4.29769875011084
-0.3535974398197202, 1.2002439432566887, 4.280012747023964
-0.3624905890672043, 1.1809738557650837, 4.315384753197716
-0.36522595801498947, 1.1744496769240547, 4.3507567593714676
-0.3702318234834017, 1.1612160106809795, 4.3861287655452195
-0.37646707786783884, 1.1427876847656928, 4.456872777892723
-0.37981961298284467, 1.1299538416167583, 4.509930787153351
-0.3826646247701167, 1.1160940249061653, 4.545302793327103
-0.3836940993992439, 1.1099901299714836, 4.562988796413979
-0.3855368308979508, 1.0977478366337843, 4.598360802587731
-0.38694546554296, 1.0854480336280659, 4.633732808761483
-0.3877792731325873, 1.0748692407493148, 4.739848827282738
-0.38717228075112237, 1.0527700713733714, 4.722162824195862
-0.38710313775925753, 1.0456960080377125, 4.757534830369614
-0.38654441284885055, 1.0333284200749329, 4.792906836543366
-0.38540641217095245, 1.0192254570607981, 4.792906836543366
-0.3848374118320034, 1.0121739755537307, 4.8282788427171175
-0.3824856116529756, 0.9919714996279845, 4.8459648458039934
-0.3816612201926568, 0.9858365399617924, 4.863650848890869
-0.3795291978150628, 0.9718492924876685, 4.863650848890869
-0.37739717543746876, 0.9578620450135445, 4.863650848890869
-0.3759314100528729, 0.9482458123750843, 4.8105928396302415
-0.3742840687911542, 0.9315250621466856, 4.757534830369614
-0.3728473475929648, 0.8997226930995379, 5.005138873585876
-0.36570183637821335, 0.8760157470361946, 5.005138873585876
-0.36570183637821335, 0.8760157470361946, 5.005138873585876
-0.3646810490618203, 0.872629040455717, 4.934394861238372
-0.35786615889567697, 0.8424381302894987, 5.164312901367759
-0.34898421835023896, 0.8241410778011952, 5.005138873585876
-0.34745303737564937, 0.8190610179304787, 5.005138873585876
-0.3454114627428632, 0.8122876047695234, 5.005138873585876
-0.3415835103063892, 0.7995874550927324, 4.987452870499
-0.337740576339876, 0.7859705365775188, 4.987452870499
-0.3341378257462698, 0.773204675469506, 4.969766867412124
-0.33076140388746705, 0.7603770959199494, 4.952080864325248
-0.32740243106117534, 0.7466327911767773, 4.916708858151496
-0.32614645192742, 0.7405714490975657, 4.89902285506462
-0.32434152890029205, 0.7310130678964516, 4.952080864325248
-0.3201428128674274, 0.7138326869674865, 4.8459648458039934
-0.31872957036402366, 0.7033156132540144, 4.881336851977745
-0.3181348067266766, 0.6998287745105034, 4.8105928396302415
-0.3165741676366273, 0.6839880637678099, 4.8459648458039934
-0.3141009932556708, 0.6655831847692336, 4.757534830369614
-0.31358217726743576, 0.6540989959466526, 4.8105928396302415
-0.31167472949070885, 0.6347381272611382, 4.77522083345649
-0.3105642161684868, 0.6170870234613711, 4.669104814935235
-0.31071727314226455, 0.6135531358329458, 4.739848827282739
-0.31020739954183396, 0.5949898335571534, 4.616046805674608
-0.31139829087235094, 0.5826670423400021, 4.580674799500856
-0.31232739793379544, 0.5756539180078224, 4.580674799500856
-0.31406947367400384, 0.5625043098849855, 4.598360802587732
-0.315981192120802, 0.5458117200915104, 4.545302793327104
-0.31833427698737843, 0.5318599602408092, 4.545302793327104
-0.31936375161650565, 0.5257560653061274, 4.421500771718973
-0.32646511561918157, 0.5020358576453183, 4.669104814935236
-0.3267712295667371, 0.49496808238846773, 4.669104814935236
-0.32707734351429263, 0.48790030713161714, 4.669104814935236
-0.3273451932184037, 0.4817160037818729, 4.686790818022112
-0.3281826507321919, 0.44900761734319494, 4.810592839630242
-0.32644860729880376, 0.431406827629091, 4.7752208334564905
-0.32550467097491503, 0.416403389399289, 4.7929068365433665
-0.32486454559359734, 0.4084704727038382, 4.810592839630242
-0.3219166717568376, 0.3785491301898615, 4.881336851977746
-0.31938892629811244, 0.36373006552994, 4.899022855064622
-0.31676358371319907, 0.34982696560104687, 4.934394861238374
-0.3122852273183048, 0.32998722463467484, 4.95208086432525
-0.3091361902936563, 0.317101938937951, 4.969766867412126
-0.30846090592189573, 0.3145364230280397, 4.916708858151498
-0.30576952206384844, 0.3015478328583005, 4.899022855064622
-0.30314417947893507, 0.28764473292940734, 4.899022855064622
-0.3023237599211496, 0.2833000142016282, 4.987452870499002
-0.2989611927004505, 0.27138521050081627, 4.95208086432525
-0.2974916420889479, 0.26537207717567846, 4.969766867412126
-0.2925395566960371, 0.24655829383632885, 4.969766867412126
-0.29073879837134226, 0.23971691807656537, 4.969766867412126
-0.28871294525606056, 0.23202037034683143, 4.916708858151498
-0.2824330495872836, 0.20171365995077334, 5.040510879759629
-0.2781583555268028, 0.18915682864832714, 5.058196882846505
-0.27366226141995514, 0.1766775594609439, 5.075882885933381
-0.26643092673894436, 0.15766759374967446, 5.128940895194009
-0.2635685558951197, 0.1511981280852892, 5.128940895194009
-0.25641262878555793, 0.1350244639243261, 5.235056913715264
-0.2440523921656563, 0.11356981004992278, 5.199684907541512
-0.23784144444112212, 0.1018492661192041, 5.217370910628388
-0.2309963722876643, 0.08946647166339142, 5.25274291680214
-0.21552912767746396, 0.06368389921290872, 5.394230941497146
-0.19267952547477724, 0.03553402483067259, 5.411916944584022
-0.17218247636198244, 0.011175744462798044, 5.553404969279029
-0.1557052923448307, -0.00356345950901483, 5.429602947670898
-0.13652438914222212, -0.025556106853278915, 5.37654493841027
-0.12180728454654056, -0.04435704253549139, 5.641834984713409
-0.1125957490869562, -0.05123478761794139, 5.694892993974037
-0.08758398691020938, -0.06791976441774598, 5.55340496927903
-0.07967493858197654, -0.07499458232421616, 5.659520987800285
-0.07177886077540821, -0.08067545845314966, 5.606462978539657
-0.06626344877065264, -0.08510573872058597, 5.606462978539657
-0.04971721275638595, -0.09839657952289488, 5.641834984713409
-0.034128460440166264, -0.11003584043165643, 5.677206990887161
-0.028313689772474494, -0.11406518217844196, 5.712578997060913
-0.01789483802478694, -0.12075225431819861, 5.747951003234665
-0.007246017685391145, -0.12706668469012228, 5.7833230094084165
0.0012911347545576483, -0.13172902600503517, 5.730265000147789
0.010321549373718831, -0.13730197008102174, 5.8363810186690435
0.015903983869764913, -0.13997662454150914, 5.712578997060913
0.033020668883823046, -0.15096252877110936, 5.907125031016547
0.04535823118226648, -0.15583403554015218, 5.924811034103423
0.051983183597670665, -0.15831539773134223, 5.960183040277175
0.0645617351061245, -0.16252574969026165, 5.977869043364051
0.07636937684793967, -0.16624717442274592, 6.013241049537803
0.08318758404050468, -0.16813375956778762, 6.013241049537803
0.1096081369116941, -0.17544427700482415, 6.066299058798431
0.1216982985461629, -0.17810837107129784, 6.101671064972183
0.1277867053703019, -0.17922580282734737, 6.119357068059059
0.13738375988517543, -0.1808122904441327, 6.066299058798431
0.1486103385457536, -0.18328609207728683, 6.154729074232811
0.17492076638270224, -0.18668454374119642, 6.2254730865803145
0.18551470110600268, -0.18729662294071459, 6.296217098927818
0.20850455282516744, -0.18699700701957844, 6.296217098927818
0.22176792881699325, -0.18682415168046143, 6.313903102014694
0.22176792881699325, -0.18682415168046143, 6.313903102014694
0.24032947143663536, -0.1862538026206188, 6.33158910510157
0.2553449667626754, -0.18552642746795708, 6.420019120535949
0.27286565615580205, -0.18311392909934396, 6.490763132883453
0.28151882473241263, -0.18129147199916176, 6.561507145230957
0.2925723397635107, -0.17813305967654877, 6.473077129796577
0.31949288106406254, -0.1729587253906898, 6.455391126709701
0.3351748524623141, -0.17023118359128583, 6.526135139057205
0.34804981039491023, -0.1670401837632253, 6.543821142144081
0.3540308489945959, -0.16544502588554666, 6.526135139057205
0.3634724848118331, -0.16310495934496894, 6.437705123622825
0.3792002404530939, -0.16065518105053825, 6.508449135970329
0.3852339499374391, -0.15927253820288262, 6.384647114362198
0.4116265202748166, -0.15658547332428513, 6.526135139057205
0.42364314767857303, -0.1536072068180953, 6.526135139057205
0.427076469793932, -0.1527562735306125, 6.455391126709701
0.44972820625807314, -0.14881649093147345, 6.526135139057205
0.45659485048879106, -0.14711462435650785, 6.526135139057205
0.47032813895022696, -0.14371089120657662, 6.526135139057205
0.4832030968828231, -0.1405198913785161, 6.543821142144081
0.49687404225353327, -0.13687381622953634, 6.508449135970329
0.516699087702096, -0.13233084687295354, 6.526135139057205
0.523565731932814, -0.13062898029798795, 6.526135139057205
0.5527489699133652, -0.12339604735438409, 6.490763132883453
0.579573792500858, -0.11774643034381928, 6.579193148317833
0.5931072442641089, -0.11361916797116688, 6.579193148317833
0.6049490145569534, -0.11000781339509602, 6.579193148317833
0.6244033514666264, -0.10407487373440819, 6.561507145230957
0.6346065961107169, -0.10115941620584235, 6.632251157578461
0.6412543587474905, -0.09873982848158969, 6.632251157578461
0.6578737653394244, -0.09269085917095804, 6.561507145230957
0.6714780915315451, -0.0888035824662036, 6.561507145230957
0.6833818769496508, -0.08540221534954345, 6.561507145230957
0.6978364735287791, -0.08127198385074186, 6.579193148317833
0.7240575363200775, -0.07327541300372782, 6.632251157578461
0.7265504473088676, -0.07236806760713307, 6.649937160665337
0.7265504473088676, -0.07236806760713307, 6.649937160665337
0.7265504473088676, -0.07236806760713307, 6.649937160665337
0.7265504473088676, -0.07236806760713307, 6.649937160665337
0.7265504473088676, -0.07236806760713307, 6.649937160665337
0.7265504473088676, -0.07236806760713307, 6.649937160665337
0.7265504473088676, -0.07236806760713307, 6.649937160665337
0.7265504473088676, -0.07236806760713307, 6.649937160665337
0.7265504473088676, -0.07236806760713307, 6.649937160665337
0.7265504473088676, -0.07236806760713307, 6.649937160665337
0.7265504473088676, -0.07236806760713307, 6.649937160665337
0.7265504473088676, -0.07236806760713307, 6.649937160665337
0.7265504473088676, -0.07236806760713307, 6.649937160665337
0.7265504473088676, -0.07236806760713307, 6.649937160665337
0.7265504473088676, -0.07236806760713307, 6.649937160665337
0.7265504473088676, -0.07236806760713307, 6.649937160665337
0.7265504473088676, -0.07236806760713307, 6.649937160665337
0.7265504473088676, -0.07236806760713307, 6.649937160665337
0.7265504473088676, -0.07236806760713307, 6.649937160665337
0.7265504473088676, -0.07236806760713307, 6.649937160665337
0.7265504473088676, -0.07236806760713307, 6.649937160665337
0.7265504473088676, -0.07236806760713307, 6.649937160665337
0.7265504473088676, -0.07236806760713307, 6.649937160665337
0.7265504473088676, -0.07236806760713307, 6.649937160665337
0.7265504473088676, -0.07236806760713307, 6.649937160665337
0.7265504473088676, -0.07236806760713307, 6.649937160665337
0.7265504473088676, -0.07236806760713307, 6.649937160665337
0.7265504473088676, -0.07236806760713307, 6.649937160665337
0.7265504473088676, -0.07236806760713307, 6.649937160665337
0.7265504473088676, -0.07236806760713307, 6.649937160665337
0.7265504473088676, -0.07236806760713307, 6.649937160665337
0.7265504473088676, -0.07236806760713307, 6.649937160665337
0.7265504473088676, -0.07236806760713307, 6.649937160665337
0.7265504473088676, -0.07236806760713307, 6.649937160665337
0.7265504473088676, -0.07236806760713307, 6.649937160665337
0.7265504473088676, -0.07236806760713307, 6.649937160665337
0.7265504473088676, -0.07236806760713307, 6.649937160665337
0.7265504473088676, -0.07236806760713307, 6.649937160665337
0.7265504473088676, -0.07236806760713307, 6.649937160665337
0.7265504473088676, -0.07236806760713307, 6.649937160665337
0.7265504473088676, -0.07236806760713307, 6.649937160665337
0.7265504473088676, -0.07236806760713307, 6.649937160665337
